     0.0000000     1.0000000
     0.0150000     0.9995503
     0.0300000     0.9982058
     0.0450000     0.9959794
     0.0600000     0.9928923
     0.0750000     0.9889732
     0.0900000     0.9842576
     0.1050000     0.9787869
     0.1200000     0.9726068
     0.1350000     0.9657673
     0.1500000     0.9583205
     0.1650000     0.9503205
     0.1800000     0.9418220
     0.1950000     0.9328798
     0.2100000     0.9235476
     0.2250000     0.9138778
     0.2400000     0.9039205
     0.2550000     0.8937237
     0.2700000     0.8833322
     0.2850000     0.8727876
     0.3000000     0.8621285
     0.3149999     0.8513898
     0.3299999     0.8406030
     0.3449999     0.8297961
     0.3599999     0.8189939
     0.3749999     0.8082176
     0.3899999     0.7974852
     0.4049999     0.7868118
     0.4199998     0.7762094
     0.4349998     0.7656879
     0.4499998     0.7552550
     0.4649998     0.7449171
     0.4799998     0.7346795
     0.4949998     0.7245471
     0.5099998     0.7145249
     0.5249997     0.7046180
     0.5399997     0.6948318
     0.5549997     0.6851720
     0.5699997     0.6756439
     0.5849997     0.6662524
     0.5999997     0.6570008
     0.6149997     0.6478909
     0.6299996     0.6389228
     0.6449996     0.6300949
     0.6599996     0.6214044
     0.6749996     0.6128477
     0.6899996     0.6044213
     0.7049996     0.5961219
     0.7199996     0.5879472
     0.7349995     0.5798951
     0.7499995     0.5719642
     0.7649995     0.5641534
     0.7799995     0.5564616
     0.7949995     0.5488871
     0.8099995     0.5414280
     0.8249995     0.5340817
     0.8399994     0.5268449
     0.8549994     0.5197130
     0.8699994     0.5126806
     0.8849994     0.5057404
     0.8999994     0.4988835
     0.9149994     0.4920995
     0.9299994     0.4853763
     0.9449993     0.4787014
     0.9599993     0.4720622
     0.9749993     0.4654477
     0.9899993     0.4588487
     1.0049993     0.4522592
     1.0199993     0.4456762
     1.0349993     0.4391002
     1.0499992     0.4325349
     1.0649992     0.4259865
     1.0799992     0.4194639
     1.0949992     0.4129782
     1.1099992     0.4065425
     1.1249992     0.4001717
     1.1399992     0.3938819
     1.1549991     0.3876894
     1.1699991     0.3816100
     1.1849991     0.3756577
     1.1999991     0.3698435
     1.2149991     0.3641751
     1.2299991     0.3586562
     1.2449991     0.3532867
     1.2599990     0.3480634
     1.2749990     0.3429808
     1.2899990     0.3380321
     1.3049990     0.3332104
     1.3199990     0.3285094
     1.3349990     0.3239241
     1.3499990     0.3194510
     1.3649989     0.3150881
     1.3799989     0.3108339
     1.3949989     0.3066879
     1.4099989     0.3026494
     1.4249989     0.2987173
     1.4399989     0.2948899
     1.4549989     0.2911647
     1.4699988     0.2875379
     1.4849988     0.2840046
     1.4999988     0.2805588
     1.5149988     0.2771930
     1.5299988     0.2738992
     1.5449988     0.2706683
     1.5599988     0.2674913
     1.5749987     0.2643593
     1.5899987     0.2612640
     1.6049987     0.2581975
     1.6199987     0.2551523
     1.6349987     0.2521211
     1.6499987     0.2490963
     1.6649987     0.2460701
     1.6799986     0.2430340
     1.6949986     0.2399793
     1.7099986     0.2368974
     1.7249986     0.2337808
     1.7399986     0.2306237
     1.7549986     0.2274229
     1.7699986     0.2241787
     1.7849985     0.2208955
     1.7999985     0.2175815
     1.8149985     0.2142487
     1.8299985     0.2109123
     1.8449985     0.2075895
     1.8599985     0.2042982
     1.8749985     0.2010561
     1.8899984     0.1978793
     1.9049984     0.1947822
     1.9199984     0.1917765
     1.9349984     0.1888718
     1.9499984     0.1860753
     1.9649984     0.1833920
     1.9799984     0.1808254
     1.9949983     0.1783768
     2.0099983     0.1760459
     2.0249984     0.1738306
     2.0399985     0.1717267
     2.0549986     0.1697280
     2.0699987     0.1678264
     2.0849988     0.1660117
     2.0999990     0.1642719
     2.1149991     0.1625933
     2.1299992     0.1609609
     2.1449993     0.1593593
     2.1599994     0.1577730
     2.1749995     0.1561883
     2.1899996     0.1545934
     2.2049997     0.1529802
     2.2199998     0.1513445
     2.2349999     0.1496864
     2.2500000     0.1480099
     2.2650001     0.1463220
     2.2800002     0.1446318
     2.2950003     0.1429487
     2.3100004     0.1412808
     2.3250005     0.1396340
     2.3400006     0.1380108
     2.3550007     0.1364101
     2.3700008     0.1348273
     2.3850009     0.1332553
     2.4000010     0.1316857
     2.4150012     0.1301100
     2.4300013     0.1285217
     2.4450014     0.1269167
     2.4600015     0.1252948
     2.4750016     0.1236592
     2.4900017     0.1220157
     2.5050018     0.1203718
     2.5200019     0.1187353
     2.5350020     0.1171124
     2.5500021     0.1155073
     2.5650022     0.1139210
     2.5800023     0.1123514
     2.5950024     0.1107936
     2.6100025     0.1092407
     2.6250026     0.1076842
     2.6400027     0.1061154
     2.6550028     0.1045260
     2.6700029     0.1029089
     2.6850030     0.1012591
     2.7000031     0.0995736
     2.7150033     0.0978522
     2.7300034     0.0960974
     2.7450035     0.0943140
     2.7600036     0.0925089
     2.7750037     0.0906907
     2.7900038     0.0888692
     2.8050039     0.0870546
     2.8200040     0.0852574
     2.8350041     0.0834880
     2.8500042     0.0817567
     2.8650043     0.0800736
     2.8800044     0.0784490
     2.8950045     0.0768933
     2.9100046     0.0754172
     2.9250047     0.0740313
     2.9400048     0.0727461
     2.9550049     0.0715716
     2.9700050     0.0705163
     2.9850051     0.0695867
     3.0000052     0.0687865
     3.0150054     0.0681159
     3.0300055     0.0675713
     3.0450056     0.0671449
     3.0600057     0.0668249
     3.0750058     0.0665963
     3.0900059     0.0664415
     3.1050060     0.0663418
     3.1200061     0.0662784
     3.1350062     0.0662336
     3.1500063     0.0661919
     3.1650064     0.0661406
     3.1800065     0.0660701
     3.1950066     0.0659741
     3.2100067     0.0658494
     3.2250068     0.0656949
     3.2400069     0.0655115
     3.2550070     0.0653008
     3.2700071     0.0650642
     3.2850072     0.0648021
     3.3000073     0.0645136
     3.3150074     0.0641957
     3.3300076     0.0638440
     3.3450077     0.0634525
     3.3600078     0.0630151
     3.3750079     0.0625254
     3.3900080     0.0619783
     3.4050081     0.0613704
     3.4200082     0.0607009
     3.4350083     0.0599717
     3.4500084     0.0591874
     3.4650085     0.0583554
     3.4800086     0.0574853
     3.4950087     0.0565879
     3.5100088     0.0556747
     3.5250089     0.0547569
     3.5400090     0.0538453
     3.5550091     0.0529492
     3.5700092     0.0520768
     3.5850093     0.0512347
     3.6000094     0.0504277
     3.6150095     0.0496591
     3.6300097     0.0489299
     3.6450098     0.0482392
     3.6600099     0.0475837
     3.6750100     0.0469579
     3.6900101     0.0463542
     3.7050102     0.0457640
     3.7200103     0.0451783
     3.7350104     0.0445885
     3.7500105     0.0439878
     3.7650106     0.0433718
     3.7800107     0.0427394
     3.7950108     0.0420923
     3.8100109     0.0414359
     3.8250110     0.0407778
     3.8400111     0.0401273
     3.8550112     0.0394947
     3.8700113     0.0388894
     3.8850114     0.0383194
     3.9000115     0.0377898
     3.9150116     0.0373024
     3.9300117     0.0368552
     3.9450119     0.0364430
     3.9600120     0.0360577
     3.9750121     0.0356899
     3.9900122     0.0353301
     4.0050120     0.0349697
     4.0200119     0.0346023
     4.0350118     0.0342243
     4.0500116     0.0338346
     4.0650115     0.0334345
     4.0800114     0.0330269
     4.0950112     0.0326153
     4.1100111     0.0322029
     4.1250110     0.0317920
     4.1400108     0.0313833
     4.1550107     0.0309764
     4.1700106     0.0305690
     4.1850104     0.0301579
     4.2000103     0.0297396
     4.2150102     0.0293097
     4.2300100     0.0288644
     4.2450099     0.0284000
     4.2600098     0.0279130
     4.2750096     0.0274007
     4.2900095     0.0268610
     4.3050094     0.0262924
     4.3200092     0.0256942
     4.3350091     0.0250663
     4.3500090     0.0244091
     4.3650088     0.0237233
     4.3800087     0.0230098
     4.3950086     0.0222692
     4.4100084     0.0215021
     4.4250083     0.0207090
     4.4400082     0.0198909
     4.4550080     0.0190495
     4.4700079     0.0181883
     4.4850078     0.0173130
     4.5000076     0.0164318
     4.5150075     0.0155557
     4.5300074     0.0146984
     4.5450072     0.0138753
     4.5600071     0.0131029
     4.5750070     0.0123977
     4.5900068     0.0117750
     4.6050067     0.0112478
     4.6200066     0.0108260
     4.6350064     0.0105160
     4.6500063     0.0103201
     4.6650062     0.0102372
     4.6800060     0.0102624
     4.6950059     0.0103879
     4.7100058     0.0106034
     4.7250056     0.0108964
     4.7400055     0.0112529
     4.7550054     0.0116576
     4.7700052     0.0120946
     4.7850051     0.0125472
     4.8000050     0.0129991
     4.8150048     0.0134338
     4.8300047     0.0138357
     4.8450046     0.0141898
     4.8600044     0.0144820
     4.8750043     0.0146992
     4.8900042     0.0148296
     4.9050040     0.0148629
     4.9200039     0.0147904
     4.9350038     0.0146062
     4.9500036     0.0143073
     4.9650035     0.0138940
     4.9800034     0.0133704
     4.9950032     0.0127442
     5.0100031     0.0120262
     5.0250030     0.0112301
     5.0400028     0.0103713
     5.0550027     0.0094656
     5.0700026     0.0085289
     5.0850024     0.0075760
     5.1000023     0.0066197
     5.1150022     0.0056710
     5.1300020     0.0047386
     5.1450019     0.0038290
     5.1600018     0.0029460
     5.1750016     0.0020914
     5.1900015     0.0012647
     5.2050014     0.0004632
     5.2200012    -0.0003169
     5.2350011    -0.0010807
     5.2500010    -0.0018334
     5.2650008    -0.0025798
     5.2800007    -0.0033233
     5.2950006    -0.0040658
     5.3100004    -0.0048075
     5.3250003    -0.0055462
     5.3400002    -0.0062780
     5.3550000    -0.0069971
     5.3699999    -0.0076963
     5.3849998    -0.0083676
     5.3999996    -0.0090019
     5.4149995    -0.0095904
     5.4299994    -0.0101244
     5.4449992    -0.0105957
     5.4599991    -0.0109969
     5.4749990    -0.0113218
     5.4899988    -0.0115655
     5.5049987    -0.0117241
     5.5199986    -0.0117954
     5.5349984    -0.0117789
     5.5499983    -0.0116761
     5.5649981    -0.0114907
     5.5799980    -0.0112287
     5.5949979    -0.0108988
     5.6099977    -0.0105116
     5.6249976    -0.0100801
     5.6399975    -0.0096182
     5.6549973    -0.0091405
     5.6699972    -0.0086608
     5.6849971    -0.0081914
     5.6999969    -0.0077421
     5.7149968    -0.0073198
     5.7299967    -0.0069286
     5.7449965    -0.0065695
     5.7599964    -0.0062416
     5.7749963    -0.0059421
     5.7899961    -0.0056674
     5.8049960    -0.0054132
     5.8199959    -0.0051747
     5.8349957    -0.0049475
     5.8499956    -0.0047269
     5.8649955    -0.0045087
     5.8799953    -0.0042891
     5.8949952    -0.0040655
     5.9099951    -0.0038365
     5.9249949    -0.0036028
     5.9399948    -0.0033670
     5.9549947    -0.0031337
     5.9699945    -0.0029091
     5.9849944    -0.0027008
     5.9999943    -0.0025170
     6.0149941    -0.0023659
     6.0299940    -0.0022555
     6.0449939    -0.0021929
     6.0599937    -0.0021847
     6.0749936    -0.0022362
     6.0899935    -0.0023519
     6.1049933    -0.0025350
     6.1199932    -0.0027875
     6.1349931    -0.0031102
     6.1499929    -0.0035022
     6.1649928    -0.0039613
     6.1799927    -0.0044836
     6.1949925    -0.0050640
     6.2099924    -0.0056958
     6.2249923    -0.0063710
     6.2399921    -0.0070805
     6.2549920    -0.0078140
     6.2699919    -0.0085606
     6.2849917    -0.0093086
     6.2999916    -0.0100457
     6.3149915    -0.0107591
     6.3299913    -0.0114355
     6.3449912    -0.0120613
     6.3599911    -0.0126227
     6.3749909    -0.0131065
     6.3899908    -0.0135003
     6.4049907    -0.0137935
     6.4199905    -0.0139775
     6.4349904    -0.0140467
     6.4499903    -0.0139983
     6.4649901    -0.0138329
     6.4799900    -0.0135543
     6.4949899    -0.0131695
     6.5099897    -0.0126879
     6.5249896    -0.0121215
     6.5399895    -0.0114838
     6.5549893    -0.0107895
     6.5699892    -0.0100539
     6.5849891    -0.0092923
     6.5999889    -0.0085195
     6.6149888    -0.0077494
     6.6299887    -0.0069938
     6.6449885    -0.0062624
     6.6599884    -0.0055619
     6.6749883    -0.0048955
     6.6899881    -0.0042631
     6.7049880    -0.0036618
     6.7199879    -0.0030863
     6.7349877    -0.0025304
     6.7499876    -0.0019877
     6.7649875    -0.0014527
     6.7799873    -0.0009214
     6.7949872    -0.0003919
     6.8099871     0.0001357
     6.8249869     0.0006595
     6.8399868     0.0011765
     6.8549867     0.0016826
     6.8699865     0.0021739
     6.8849864     0.0026468
     6.8999863     0.0030987
     6.9149861     0.0035282
     6.9299860     0.0039354
     6.9449859     0.0043218
     6.9599857     0.0046901
     6.9749856     0.0050441
     6.9899855     0.0053879
     7.0049853     0.0057259
     7.0199852     0.0060618
     7.0349851     0.0063987
     7.0499849     0.0067383
     7.0649848     0.0070804
     7.0799847     0.0074232
     7.0949845     0.0077628
     7.1099844     0.0080936
     7.1249843     0.0084083
     7.1399841     0.0086983
     7.1549840     0.0089547
     7.1699839     0.0091682
     7.1849837     0.0093304
     7.1999836     0.0094342
     7.2149835     0.0094743
     7.2299833     0.0094480
     7.2449832     0.0093549
     7.2599831     0.0091975
     7.2749829     0.0089810
     7.2899828     0.0087129
     7.3049827     0.0084034
     7.3199825     0.0080640
     7.3349824     0.0077079
     7.3499823     0.0073489
     7.3649821     0.0070010
     7.3799820     0.0066776
     7.3949819     0.0063908
     7.4099817     0.0061514
     7.4249816     0.0059684
     7.4399815     0.0058489
     7.4549813     0.0057981
     7.4699812     0.0058195
     7.4849811     0.0059150
     7.4999809     0.0060850
     7.5149808     0.0063288
     7.5299807     0.0066446
     7.5449805     0.0070298
     7.5599804     0.0074807
     7.5749803     0.0079928
     7.5899801     0.0085603
     7.6049800     0.0091766
     7.6199799     0.0098341
     7.6349797     0.0105247
     7.6499796     0.0112399
     7.6649795     0.0119713
     7.6799793     0.0127106
     7.6949792     0.0134499
     7.7099791     0.0141818
     7.7249789     0.0148993
     7.7399788     0.0155954
     7.7549787     0.0162636
     7.7699785     0.0168969
     7.7849784     0.0174885
     7.7999783     0.0180309
     7.8149781     0.0185164
     7.8299780     0.0189367
     7.8449779     0.0192831
     7.8599777     0.0195465
     7.8749776     0.0197183
     7.8899775     0.0197902
     7.9049773     0.0197554
     7.9199772     0.0196093
     7.9349771     0.0193498
     7.9499769     0.0189785
     7.9649768     0.0185003
     7.9799767     0.0179242
     7.9949765     0.0172626
     8.0099764     0.0165312
     8.0249767     0.0157479
     8.0399771     0.0149327
     8.0549774     0.0141064
     8.0699778     0.0132896
     8.0849781     0.0125024
     8.0999784     0.0117629
     8.1149788     0.0110869
     8.1299791     0.0104871
     8.1449795     0.0099720
     8.1599798     0.0095458
     8.1749802     0.0092081
     8.1899805     0.0089540
     8.2049809     0.0087745
     8.2199812     0.0086576
     8.2349815     0.0085891
     8.2499819     0.0085533
     8.2649822     0.0085340
     8.2799826     0.0085152
     8.2949829     0.0084810
     8.3099833     0.0084167
     8.3249836     0.0083088
     8.3399839     0.0081455
     8.3549843     0.0079176
     8.3699846     0.0076188
     8.3849850     0.0072464
     8.3999853     0.0068016
     8.4149857     0.0062898
     8.4299860     0.0057202
     8.4449863     0.0051060
     8.4599867     0.0044632
     8.4749870     0.0038095
     8.4899874     0.0031635
     8.5049877     0.0025431
     8.5199881     0.0019645
     8.5349884     0.0014411
     8.5499887     0.0009835
     8.5649891     0.0005990
     8.5799894     0.0002920
     8.5949898     0.0000645
     8.6099901    -0.0000833
     8.6249905    -0.0001528
     8.6399908    -0.0001466
     8.6549911    -0.0000683
     8.6699915     0.0000773
     8.6849918     0.0002842
     8.6999922     0.0005457
     8.7149925     0.0008538
     8.7299929     0.0012005
     8.7449932     0.0015773
     8.7599936     0.0019764
     8.7749939     0.0023905
     8.7899942     0.0028135
     8.8049946     0.0032403
     8.8199949     0.0036670
     8.8349953     0.0040902
     8.8499956     0.0045075
     8.8649960     0.0049168
     8.8799963     0.0053165
     8.8949966     0.0057056
     8.9099970     0.0060838
     8.9249973     0.0064513
     8.9399977     0.0068090
     8.9549980     0.0071576
     8.9699984     0.0074976
     8.9849987     0.0078281
     8.9999990     0.0081475
     9.0149994     0.0084525
     9.0299997     0.0087390
     9.0450001     0.0090028
     9.0600004     0.0092402
     9.0750008     0.0094494
     9.0900011     0.0096308
     9.1050014     0.0097879
     9.1200018     0.0099268
     9.1350021     0.0100557
     9.1500025     0.0101838
     9.1650028     0.0103201
     9.1800032     0.0104718
     9.1950035     0.0106438
     9.2100039     0.0108374
     9.2250042     0.0110514
     9.2400045     0.0112820
     9.2550049     0.0115240
     9.2700052     0.0117719
     9.2850056     0.0120209
     9.3000059     0.0122673
     9.3150063     0.0125086
     9.3300066     0.0127431
     9.3450069     0.0129698
     9.3600073     0.0131872
     9.3750076     0.0133933
     9.3900080     0.0135853
     9.4050083     0.0137596
     9.4200087     0.0139125
     9.4350090     0.0140402
     9.4500093     0.0141395
     9.4650097     0.0142082
     9.4800100     0.0142449
     9.4950104     0.0142501
     9.5100107     0.0142253
     9.5250111     0.0141740
     9.5400114     0.0141009
     9.5550117     0.0140121
     9.5700121     0.0139143
     9.5850124     0.0138146
     9.6000128     0.0137201
     9.6150131     0.0136373
     9.6300135     0.0135717
     9.6450138     0.0135283
     9.6600142     0.0135107
     9.6750145     0.0135212
     9.6900148     0.0135610
     9.7050152     0.0136295
     9.7200155     0.0137246
     9.7350159     0.0138425
     9.7500162     0.0139778
     9.7650166     0.0141236
     9.7800169     0.0142720
     9.7950172     0.0144147
     9.8100176     0.0145435
     9.8250179     0.0146507
     9.8400183     0.0147304
     9.8550186     0.0147776
     9.8700190     0.0147894
     9.8850193     0.0147641
     9.9000196     0.0147010
     9.9150200     0.0146001
     9.9300203     0.0144615
     9.9450207     0.0142856
     9.9600210     0.0140729
     9.9750214     0.0138242
     9.9900217     0.0135409
    10.0050220     0.0132252
    10.0200224     0.0128801
    10.0350227     0.0125092
    10.0500231     0.0121164
    10.0650234     0.0117054
    10.0800238     0.0112798
    10.0950241     0.0108427
    10.1100245     0.0103961
    10.1250248     0.0099414
    10.1400251     0.0094790
    10.1550255     0.0090086
    10.1700258     0.0085289
    10.1850262     0.0080385
    10.2000265     0.0075362
    10.2150269     0.0070211
    10.2300272     0.0064933
    10.2450275     0.0059537
    10.2600279     0.0054045
    10.2750282     0.0048481
    10.2900286     0.0042879
    10.3050289     0.0037277
    10.3200293     0.0031718
    10.3350296     0.0026254
    10.3500299     0.0020949
    10.3650303     0.0015877
    10.3800306     0.0011128
    10.3950310     0.0006803
    10.4100313     0.0003009
    10.4250317    -0.0000145
    10.4400320    -0.0002555
    10.4550323    -0.0004130
    10.4700327    -0.0004796
    10.4850330    -0.0004507
    10.5000334    -0.0003240
    10.5150337    -0.0001006
    10.5300341     0.0002153
    10.5450344     0.0006163
    10.5600348     0.0010918
    10.5750351     0.0016284
    10.5900354     0.0022105
    10.6050358     0.0028211
    10.6200361     0.0034425
    10.6350365     0.0040575
    10.6500368     0.0046500
    10.6650372     0.0052060
    10.6800375     0.0057134
    10.6950378     0.0061630
    10.7100382     0.0065479
    10.7250385     0.0068639
    10.7400389     0.0071086
    10.7550392     0.0072812
    10.7700396     0.0073824
    10.7850399     0.0074136
    10.8000402     0.0073768
    10.8150406     0.0072744
    10.8300409     0.0071096
    10.8450413     0.0068865
    10.8600416     0.0066104
    10.8750420     0.0062883
    10.8900423     0.0059290
    10.9050426     0.0055432
    10.9200430     0.0051433
    10.9350433     0.0047426
    10.9500437     0.0043553
    10.9650440     0.0039953
    10.9800444     0.0036753
    10.9950447     0.0034067
    11.0100451     0.0031986
    11.0250454     0.0030576
    11.0400457     0.0029874
    11.0550461     0.0029888
    11.0700464     0.0030594
    11.0850468     0.0031940
    11.1000471     0.0033841
    11.1150475     0.0036190
    11.1300478     0.0038857
    11.1450481     0.0041704
    11.1600485     0.0044589
    11.1750488     0.0047380
    11.1900492     0.0049962
    11.2050495     0.0052241
    11.2200499     0.0054153
    11.2350502     0.0055663
    11.2500505     0.0056760
    11.2650509     0.0057459
    11.2800512     0.0057793
    11.2950516     0.0057806
    11.3100519     0.0057551
    11.3250523     0.0057079
    11.3400526     0.0056436
    11.3550529     0.0055661
    11.3700533     0.0054777
    11.3850536     0.0053793
    11.4000540     0.0052704
    11.4150543     0.0051493
    11.4300547     0.0050137
    11.4450550     0.0048611
    11.4600554     0.0046902
    11.4750557     0.0045011
    11.4900560     0.0042965
    11.5050564     0.0040815
    11.5200567     0.0038640
    11.5350571     0.0036540
    11.5500574     0.0034624
    11.5650578     0.0033007
    11.5800581     0.0031791
    11.5950584     0.0031067
    11.6100588     0.0030905
    11.6250591     0.0031356
    11.6400595     0.0032454
    11.6550598     0.0034223
    11.6700602     0.0036675
    11.6850605     0.0039815
    11.7000608     0.0043642
    11.7150612     0.0048140
    11.7300615     0.0053278
    11.7450619     0.0059003
    11.7600622     0.0065239
    11.7750626     0.0071887
    11.7900629     0.0078830
    11.8050632     0.0085938
    11.8200636     0.0093077
    11.8350639     0.0100119
    11.8500643     0.0106948
    11.8650646     0.0113470
    11.8800650     0.0119612
    11.8950653     0.0125322
    11.9100657     0.0130566
    11.9250660     0.0135325
    11.9400663     0.0139588
    11.9550667     0.0143350
    11.9700670     0.0146607
    11.9850674     0.0149354
    12.0000677     0.0151585
    12.0150681     0.0153293
    12.0300684     0.0154474
    12.0450687     0.0155124
    12.0600691     0.0155248
    12.0750694     0.0154860
    12.0900698     0.0153982
    12.1050701     0.0152651
    12.1200705     0.0150909
    12.1350708     0.0148806
    12.1500711     0.0146390
    12.1650715     0.0143703
    12.1800718     0.0140777
    12.1950722     0.0137630
    12.2100725     0.0134264
    12.2250729     0.0130664
    12.2400732     0.0126804
    12.2550735     0.0122647
    12.2700739     0.0118146
    12.2850742     0.0113257
    12.3000746     0.0107936
    12.3150749     0.0102149
    12.3300753     0.0095878
    12.3450756     0.0089122
    12.3600760     0.0081902
    12.3750763     0.0074262
    12.3900766     0.0066267
    12.4050770     0.0058000
    12.4200773     0.0049559
    12.4350777     0.0041049
    12.4500780     0.0032582
    12.4650784     0.0024268
    12.4800787     0.0016211
    12.4950790     0.0008499
    12.5100794     0.0001205
    12.5250797    -0.0005621
    12.5400801    -0.0011951
    12.5550804    -0.0017782
    12.5700808    -0.0023130
    12.5850811    -0.0028025
    12.6000814    -0.0032512
    12.6150818    -0.0036638
    12.6300821    -0.0040449
    12.6450825    -0.0043987
    12.6600828    -0.0047287
    12.6750832    -0.0050374
    12.6900835    -0.0053267
    12.7050838    -0.0055977
    12.7200842    -0.0058512
    12.7350845    -0.0060882
    12.7500849    -0.0063098
    12.7650852    -0.0065180
    12.7800856    -0.0067156
    12.7950859    -0.0069069
    12.8100863    -0.0070971
    12.8250866    -0.0072923
    12.8400869    -0.0074996
    12.8550873    -0.0077259
    12.8700876    -0.0079779
    12.8850880    -0.0082612
    12.9000883    -0.0085799
    12.9150887    -0.0089363
    12.9300890    -0.0093301
    12.9450893    -0.0097588
    12.9600897    -0.0102173
    12.9750900    -0.0106986
    12.9900904    -0.0111935
    13.0050907    -0.0116918
    13.0200911    -0.0121824
    13.0350914    -0.0126539
    13.0500917    -0.0130951
    13.0650921    -0.0134959
    13.0800924    -0.0138471
    13.0950928    -0.0141415
    13.1100931    -0.0143739
    13.1250935    -0.0145419
    13.1400938    -0.0146457
    13.1550941    -0.0146883
    13.1700945    -0.0146746
    13.1850948    -0.0146112
    13.2000952    -0.0145048
    13.2150955    -0.0143619
    13.2300959    -0.0141875
    13.2450962    -0.0139855
    13.2600965    -0.0137584
    13.2750969    -0.0135078
    13.2900972    -0.0132350
    13.3050976    -0.0129418
    13.3200979    -0.0126307
    13.3350983    -0.0123053
    13.3500986    -0.0119703
    13.3650990    -0.0116311
    13.3800993    -0.0112939
    13.3950996    -0.0109653
    13.4101000    -0.0106520
    13.4251003    -0.0103601
    13.4401007    -0.0100955
    13.4551010    -0.0098629
    13.4701014    -0.0096655
    13.4851017    -0.0095051
    13.5001020    -0.0093810
    13.5151024    -0.0092906
    13.5301027    -0.0092289
    13.5451031    -0.0091890
    13.5601034    -0.0091626
    13.5751038    -0.0091402
    13.5901041    -0.0091124
    13.6051044    -0.0090701
    13.6201048    -0.0090055
    13.6351051    -0.0089120
    13.6501055    -0.0087851
    13.6651058    -0.0086218
    13.6801062    -0.0084205
    13.6951065    -0.0081810
    13.7101068    -0.0079032
    13.7251072    -0.0075879
    13.7401075    -0.0072358
    13.7551079    -0.0068478
    13.7701082    -0.0064251
    13.7851086    -0.0059696
    13.8001089    -0.0054842
    13.8151093    -0.0049730
    13.8301096    -0.0044417
    13.8451099    -0.0038977
    13.8601103    -0.0033497
    13.8751106    -0.0028077
    13.8901110    -0.0022817
    13.9051113    -0.0017816
    13.9201117    -0.0013156
    13.9351120    -0.0008897
    13.9501123    -0.0005069
    13.9651127    -0.0001663
    13.9801130     0.0001365
    13.9951134     0.0004098
    14.0101137     0.0006648
    14.0251141     0.0009146
    14.0401144     0.0011731
    14.0551147     0.0014536
    14.0701151     0.0017673
    14.0851154     0.0021224
    14.1001158     0.0025236
    14.1151161     0.0029714
    14.1301165     0.0034624
    14.1451168     0.0039897
    14.1601171     0.0045438
    14.1751175     0.0051129
    14.1901178     0.0056842
    14.2051182     0.0062447
    14.2201185     0.0067821
    14.2351189     0.0072850
    14.2501192     0.0077439
    14.2651196     0.0081506
    14.2801199     0.0084981
    14.2951202     0.0087802
    14.3101206     0.0089903
    14.3251209     0.0091215
    14.3401213     0.0091661
    14.3551216     0.0091157
    14.3701220     0.0089623
    14.3851223     0.0086995
    14.4001226     0.0083236
    14.4151230     0.0078352
    14.4301233     0.0072397
    14.4451237     0.0065480
    14.4601240     0.0057761
    14.4751244     0.0049440
    14.4901247     0.0040748
    14.5051250     0.0031927
    14.5201254     0.0023213
    14.5351257     0.0014828
    14.5501261     0.0006961
    14.5651264    -0.0000232
    14.5801268    -0.0006636
    14.5951271    -0.0012168
    14.6101274    -0.0016781
    14.6251278    -0.0020449
    14.6401281    -0.0023172
    14.6551285    -0.0024965
    14.6701288    -0.0025865
    14.6851292    -0.0025925
    14.7001295    -0.0025222
    14.7151299    -0.0023855
    14.7301302    -0.0021943
    14.7451305    -0.0019624
    14.7601309    -0.0017049
    14.7751312    -0.0014370
    14.7901316    -0.0011734
    14.8051319    -0.0009275
    14.8201323    -0.0007103
    14.8351326    -0.0005304
    14.8501329    -0.0003934
    14.8651333    -0.0003020
    14.8801336    -0.0002566
    14.8951340    -0.0002555
    14.9101343    -0.0002957
    14.9251347    -0.0003734
    14.9401350    -0.0004842
    14.9551353    -0.0006239
    14.9701357    -0.0007881
    14.9851360    -0.0009724
