   1   1     0.4103922     0.5096343
   1   2     0.2537324    -0.7345503
   1   3    -0.9612086    -0.3832791
   1   4    -1.8779910    -0.0171759
   1   5    -1.5978030     1.3827252
   1   6     0.0549390     0.8514718
   1   7     0.4793868     0.2454947
   1   8    -1.8882551     0.2086089
   1   9    -0.2778111     0.5726526
   1  10    -0.6720138     1.4610203
   1  11    -1.1555198    -1.0240222
   1  12    -0.8587442     1.0822415
   1  13    -1.3853235    -0.4824929
   1  14     1.9668672     1.8173215
   1  15     1.7280803     0.7381302
   1  16    -1.6611812     0.5542248
   1  17     0.1215174     0.3414365
   1  18     0.8767786    -0.6597302
   1  19     0.0162114     0.5888285
   1  20     0.3061864     0.2111568
   1  21    -1.4983251     1.3293201
   1  22    -1.0425167    -1.1110018
   1  23     0.8180071    -0.9371787
   1  24     2.0758995     1.1947620
   1  25    -0.9525800     2.3086235
   1  26    -0.1369297    -0.7807928
   1  27     1.0454050     0.0576678
   1  28    -0.1356822    -0.7722196
   1  29    -0.0358874    -1.1376000
   1  30     0.0915879     1.3023432
   1  31     0.8247965    -0.4262002
   1  32    -0.6810631     0.8267317
   1  33     1.4961481    -0.3502272
   1  34     0.1949717     0.2522963
   1  35    -0.8177292     0.5101178
   1  36    -0.8145786     0.1788172
   1  37    -0.4320184     0.4136285
   1  38    -0.8161346    -0.3002484
   1  39    -1.5274186    -0.5771900
   1  40     2.8062646    -0.7714988
   1  41     0.8708069     0.3661975
   1  42     1.4506494    -1.5749231
   1  43    -1.2347532    -0.4648117
   1  44    -0.8797563     0.5657298
   1  45    -0.5728751    -0.1290702
   1  46     0.8903009    -1.3931999
   1  47    -0.9589491    -0.4090244
   1  48    -0.3862673    -2.2898788
   1  49     0.4957068     1.1118926
   1  50    -1.1832534     1.7087125
   1  51     1.2008807    -0.4417312
   1  52     0.4209378    -0.2230681
   1  53    -1.3087387    -1.3610633
   1  54    -1.3290992     0.5749381
   1  55     2.0038167    -0.7378616
   1  56     0.5167606     1.3035588
   1  57    -0.2557688    -1.6740879
   1  58     1.5385207    -0.0228941
   1  59     1.7193033     0.2467040
   1  60     0.3796730    -0.4415607
   1  61    -3.3115243     1.5384942
   1  62     0.5131714     1.3442676
   1  63     1.7716823    -0.0723861
   1  64    -1.4113659    -2.0432961
   1  65    -1.4557388     0.9847112
   1  66     0.5950195    -0.0970671
   1  67     0.7369779    -1.9186054
   1  68    -0.6826144     2.1233295
   1  69    -0.4076228     1.3020967
   1  70     1.1716512     1.5822723
   1  71     0.9138892    -1.4248495
   1  72    -1.7731419    -0.3549428
   1  73    -0.6149253     0.0265551
   1  74    -0.0191072    -0.7901008
   1  75    -0.8029309    -1.3345956
   1  76    -0.0954978     0.1975587
   1  77     0.0271466     1.3291618
   1  78     0.8213755    -1.3250293
   1  79    -0.8083811    -0.7691956
   1  80     1.6959621     1.9909533
   1  81     1.0403320     0.0982897
   1  82    -0.4240777    -1.0626137
   1  83    -1.0297022     0.3101123
   1  84     1.8011615     1.1360130
   1  85    -0.9814701    -0.8819028
   1  86     0.5090441    -1.4753367
   1  87     1.7810824     0.4472594
   1  88     0.6115272    -0.6025574
   1  89     1.6645404    -0.2745797
   1  90    -0.1719245     0.3355007
   1  91    -0.0282186     0.6674086
   1  92     0.2463012     1.1722824
   1  93     0.4639886    -1.0157621
   1  94     2.2592475     0.2835026
   1  95    -0.1863753     2.2631916
   1  96    -1.1200970     0.3438614
   1  97     0.5891396     1.2546858
   1  98     0.5831745    -0.2721764
   1  99    -0.4943716    -0.3034580
   1 100    -0.6454468     1.0440424
   1 101     0.1574258    -0.6386674
   1 102     0.1375569    -1.0170078
   1 103     0.8424203     1.2325377
   1 104     0.6771668    -0.0643747
   1 105     0.5476261     0.9274307
   1 106     0.8877938    -2.0349845
   1 107     1.7365684    -1.5410721
   1 108     0.3508698    -1.2847524
   1 109     2.3968569    -0.7040942
   1 110     0.2945500     0.1033695
   1 111    -1.0830889    -0.6973766
   1 112    -1.1422142    -0.3262835
   1 113     1.0490348     0.8181887
   1 114     0.4373557     3.0352007
   1 115    -0.5758197     0.4073764
   1 116    -1.9922351    -0.8709212
   1 117    -2.4158382     3.5476954
   1 118     0.0884368    -0.3782151
   1 119    -1.6239936     0.6444777
   1 120     0.7490149     0.7683738
   1 121     0.0420557    -1.0245301
   1 122    -0.2104768    -1.2687140
   1 123     0.2389843     2.0092982
   1 124    -0.4398834     0.4142253
   1 125     0.5418840    -1.8972424
   1 126     0.1811050    -1.5435979
   1 127     1.0260665    -0.1879934
   1 128     0.8336892     0.6343255
   1 129     0.3798917    -1.5479756
   1 130     1.4322895     0.0568907
   1 131    -0.1126512    -0.1541292
   1 132    -0.3179941     1.8911549
   1 133    -0.6043705    -1.6412925
   1 134     1.4449672     2.4929865
   1 135     1.7453987    -1.8200004
   1 136    -0.1686081    -2.2111171
   1 137    -0.6224186     0.0322218
   1 138     0.2467431     0.0404980
   1 139     0.6614876    -0.4342899
   1 140    -0.8750599    -1.1201488
   1 141     1.9318498    -0.0452112
   1 142    -1.6171036    -0.3304749
   1 143    -0.6141550     1.3293591
   1 144    -1.3315924    -0.3662682
   1 145    -0.0146638    -0.0002544
   1 146    -0.8500371     0.8079897
   1 147     1.3938376     0.0850108
   1 148    -0.7100249    -0.6576646
   1 149    -2.0113200     0.5214145
   1 150    -0.4515338     0.9296135
   1 151     0.6834753     0.1252365
   1 152    -0.6277730    -0.2536487
   1 153    -0.0880727    -0.7162829
   1 154    -0.9201802     0.4608799
   1 155     0.4837179     0.6725008
   1 156     1.8191736     1.6013840
   1 157    -0.9407402    -2.2073787
   1 158     0.7486814    -0.3028203
   1 159    -1.3193046     0.0981321
   1 160     1.1181290     0.4218012
   1 161    -0.1588737    -1.8110917
   1 162     0.5138620    -1.0041725
   1 163    -1.1882017    -1.3260024
   1 164     0.0100108    -0.2991121
   1 165     0.1871313    -0.8139502
   1 166    -0.0685249     0.3167919
   1 167     0.4269076     1.4343478
   1 168    -1.8525823     0.0941541
   1 169    -1.3754820     0.0103287
   1 170    -0.5207213     1.8160509
   1 171    -0.6456827    -1.1819588
   1 172    -0.9363460    -0.6779433
   1 173    -0.4806061    -0.2813287
   1 174     0.0974350     0.3017404
   1 175     0.7669711     0.3613530
   1 176    -0.8293122    -1.0936171
   1 177    -0.2641678    -0.4262571
   1 178    -1.1755454    -0.9726498
   1 179     0.5811868    -1.5377950
   1 180    -1.5460711    -1.2331710
   1 181    -0.1292237    -0.7363716
   1 182     0.5026612    -0.1631922
   1 183     0.4617381     0.0794215
   1 184    -1.7310538    -0.5256858
   1 185    -0.8590826    -0.7334192
   1 186     0.3386538     0.1307302
   1 187     0.8355632     0.8920716
   1 188    -1.2367494    -1.6803665
   1 189     1.5461427    -0.3338448
   1 190    -1.5576508     1.0559021
   1 191    -0.5442351     0.6454329
   1 192     0.1421415    -1.6752892
   1 193     0.6226040     0.5533159
   1 194    -0.9214676     1.0792678
   1 195     0.4651455    -0.3003796
   1 196    -0.2711689    -0.4657625
   1 197     0.4334993     0.0063113
   1 198    -0.0537007    -0.0260060
   1 199    -1.4365096    -0.7458036
   1 200    -0.7011095    -0.0040972
   1 201     0.2837137     0.8188823
   1 202    -0.9186499    -1.2153366
   1 203    -0.5957722     0.3087301
   1 204    -0.4191103     1.8659201
   1 205    -1.0847431     0.2213570
   1 206    -0.6258428     0.2908149
   1 207     0.4847495     0.4001308
   1 208    -0.5105930    -1.4914323
   1 209     0.1398867    -0.4483015
   1 210    -0.9608401     0.2142882
   1 211    -0.5151943     1.4605052
   1 212    -0.7282648     0.4471631
   1 213    -1.3259934     0.5997640
   1 214    -0.6041196    -0.7658997
   1 215     0.9293716    -1.2890161
   1 216    -1.2291120     0.5112756
   1 217    -0.0731154    -0.4337871
   1 218     1.3061527     1.3030976
   1 219    -0.3489180     0.6167534
   1 220    -0.9912201    -1.5996487
   1 221     0.1180840    -1.3736066
   1 222    -0.7669206     0.3523267
   1 223     0.0082688    -1.6653268
   1 224     0.8456021    -1.2022628
   1 225    -0.6308197     1.2170468
   1 226    -0.1261534    -0.2346559
   1 227    -0.3639811     1.4611207
   1 228    -0.3326976    -0.4550587
   1 229     1.2233986    -0.5516699
   1 230     1.0691670     0.6078856
   1 231     0.1466700     1.5116376
   1 232    -0.9433479    -0.7412910
   1 233    -0.4849568    -0.6174478
   1 234     0.6296470    -1.8851225
   1 235    -0.0199448     0.9639781
   1 236     1.2765632     0.0541244
   1 237     1.3021507     0.3103387
   1 238    -0.0021902    -1.6017547
   1 239     0.3314090     1.0468466
   1 240     1.3429757    -0.1450936
   1 241     1.2612381    -1.2763999
   1 242    -0.2170001    -0.9224164
   1 243     0.1540077     0.0263320
   1 244     0.8010644     0.4176073
   1 245     0.5426340    -0.3912469
   1 246     1.2625106    -0.3519765
   1 247     0.3760281    -0.2042844
   1 248     1.5934386     0.7465294
   1 249    -1.3818208     0.4141753
   1 250     0.4525784     1.1332333
   1 251    -0.7992854    -0.5460046
   1 252     0.6452503    -1.7297962
   1 253    -0.6399266     1.2467249
   1 254    -0.5466881     0.2863580
   1 255     1.9488642     0.7852788
   1 256    -0.8687854    -0.1166627
   1 257     1.0633866    -0.1431154
   1 258    -0.1316689     0.2105534
   1 259     1.4694108    -0.3014140
   1 260    -1.1891296     0.8432065
   1 261    -0.5060249    -0.2268980
   1 262     1.3921953     0.3478351
   1 263     0.1670744     1.2213085
   1 264    -0.3495267     0.8472280
   1 265    -1.8750886     0.3337799
   1 266    -0.2310614     0.4883540
   1 267     1.2706908    -0.5203442
   1 268     0.2641680    -0.8613291
   1 269     0.4961256     0.2422539
   1 270    -1.8988938     1.2064509
   1 271    -0.2258839     0.9361693
   1 272     1.5399525    -0.0209038
   1 273    -0.2785058    -0.8137985
   1 274    -2.0656321    -0.5686278
   1 275    -2.8244097     1.7071070
   1 276    -0.3224818     0.3135735
   1 277    -2.2994475    -1.2560509
   1 278    -0.3915915    -0.6272853
   1 279    -1.3489767     0.9939284
   1 280    -2.1083081     0.1812486
   1 281    -1.1605195     0.1334699
   1 282    -0.0816122     1.0061229
   1 283    -1.1897016     0.3678022
   1 284    -0.6491962     0.4474914
   1 285     0.5339946     1.8925938
   1 286    -0.1309160     0.2504112
   1 287     1.0392335     0.2323203
   1 288     0.8903692    -0.8819417
   1 289    -0.1708631     1.5128474
   1 290    -0.5594459     1.2662958
   1 291    -1.0817038    -0.7286671
   1 292     0.1462616     0.9614356
   1 293    -1.0386535    -0.2950502
   1 294     0.1165794     0.6194911
   1 295    -0.3933559    -1.0298853
   1 296     0.7500778     0.1759792
   1 297     0.3818188     1.5966937
   1 298    -0.7235420     0.5870367
   1 299    -1.5827570     0.2632683
   1 300    -2.5956465     0.5550289
   1 301    -1.6686166     0.5883367
   1 302    -0.5136656    -0.1062454
   1 303     0.4707331     0.7699357
   1 304    -0.5906006    -1.9462895
   1 305    -0.7989941     0.4854566
   1 306     2.0981012     1.6512869
   1 307     0.9978795     0.2400608
   1 308     1.1318312    -2.2244679
   1 309    -0.9181046     1.1963966
   1 310    -1.2447351    -2.1682969
   1 311    -2.0814581     0.7601920
   1 312     1.0981187     1.1651328
   1 313    -0.6505147     0.0545459
   1 314    -0.3763209     0.3461902
   1 315    -0.1227000     0.2557141
   1 316    -0.3383347    -0.2917129
   1 317    -0.1898692    -0.8573400
   1 318     1.4274553     1.7972028
   1 319    -0.0492678     0.3985782
   1 320    -0.1180753    -0.4256930
   1 321    -0.0131870    -1.6873780
   1 322     1.1154166    -0.8317779
   1 323    -1.1856229    -0.3944345
   1 324    -1.0197706    -1.2628637
   1 325     0.1830867     0.0730260
   1 326    -1.8387419    -0.2235226
   1 327    -0.6032881     1.1055513
   1 328    -0.1741962    -1.0072500
   1 329     1.8104425    -0.6439563
   1 330    -1.4919488     0.2442075
   1 331    -1.0295427    -1.1609921
   1 332     0.6485863    -0.4015187
   1 333     0.7778506     0.0696692
   1 334     0.3091097     0.0347129
   1 335    -0.0166354     1.8205864
   1 336    -0.3263027    -0.0971033
   1 337    -1.8943001    -0.5296408
   1 338    -0.6162835     0.3543311
   1 339    -0.9242385     0.6054651
   1 340    -0.2140334     0.6241617
   1 341    -1.7246995     0.6465185
   1 342    -1.0632125     1.0360391
   1 343    -1.1865719     0.2896203
   1 344     0.7579955     1.0430507
   1 345     0.5341299     0.8132772
   1 346    -0.3953123     0.4422962
   1 347     0.0506097    -0.9362903
   1 348    -2.1684902     2.1946997
   1 349     0.0394293    -1.9642861
   1 350     0.5673394     0.4357483
   1 351    -0.6551952     1.8725377
   1 352     0.3348394     1.7119296
   1 353     0.1441478     0.0670849
   1 354    -0.4914817     1.4647935
   1 355    -2.1702643    -0.2410589
   1 356    -0.0380516     1.6948072
   1 357     1.7542252    -1.8815804
   1 358    -1.0351570     0.9581541
   1 359     0.5072656     0.2915190
   1 360    -1.6148124     0.0223461
   1 361    -1.6122571     0.2879821
   1 362     0.5724431     0.3499699
   1 363    -0.5173015     0.1755338
   1 364     2.2841477    -0.5498036
   1 365     1.7519312     0.0963255
   1 366    -1.5088657    -1.7018607
   1 367    -0.8132831    -0.0224580
   1 368    -1.0781732     0.1864561
   1 369     0.4806121     1.2487683
   1 370     0.6003437     1.3869130
   1 371    -0.0901156     0.4736490
   1 372    -0.5216793    -1.1644618
   1 373     0.4887062    -0.2555373
   1 374     0.4143596     0.4111862
   1 375     1.0392838     1.1178701
   1 376     2.0600426     0.0210786
   1 377     1.0542012    -1.4272734
   1 378     1.8539123     0.3843743
   1 379    -1.5887367     0.0205391
   1 380    -1.8152201    -2.0029375
   1 381    -1.4486207    -1.3637522
   1 382    -0.4198367     1.3332215
   1 383    -0.1344227    -0.2522280
   1 384    -0.1196992    -0.9530407
   1 385    -1.1737094     0.4664915
   1 386    -1.0985392     1.4975523
   1 387     1.0234684     0.1267827
   1 388    -1.1368742    -0.0926528
   1 389     2.4895179     0.0477497
   1 390     0.8215042    -0.5287802
   1 391     0.7629201     0.0440018
   1 392    -0.3199089    -1.7262463
   1 393     0.2698362     1.4695138
   1 394    -0.8711885     0.6114625
   1 395    -1.2222951     0.1746462
   1 396    -0.3198974     0.0969024
   1 397    -1.4084855    -1.1987363
   1 398     0.4099773    -1.9134368
   1 399     0.9954160    -0.8823284
   1 400    -1.2894804     0.7244488
   1 401    -1.0316102    -0.8157652
   1 402    -0.9982361    -1.1944165
   1 403     1.1381489     1.1679159
   1 404    -0.3798385     0.5384032
   1 405     0.6280195     0.3275875
   1 406    -0.3081422     0.8390489
   1 407    -0.7793775     1.8715307
   1 408    -2.4182007     0.3830159
   1 409    -1.4800549    -0.4472766
   1 410     0.1911957     0.0096270
   1 411    -0.1085532    -0.4191930
   1 412    -0.3460528    -1.5502186
   1 413    -0.3237782    -0.2595294
   1 414    -0.3089285     0.3115846
   1 415    -1.8496117    -0.7922062
   1 416     1.1071733    -0.9865611
   1 417     0.1426562     0.4502358
   1 418    -1.2037060     1.0681959
   1 419    -0.5059970    -0.1902158
   1 420     0.6506789    -0.5119469
   1 421    -1.7160653    -2.3177296
   1 422     0.5795362     1.9000373
   1 423    -0.4238261    -0.5770016
   1 424     0.8120161     0.1401356
   1 425     0.1071098     0.1919584
   1 426    -0.9771765    -0.6322186
   1 427    -1.4574545     1.0918147
   1 428     0.9751342    -2.3027427
   1 429    -1.7866585    -1.6563900
   1 430     0.0027647     1.8155232
   1 431     0.2054551     0.7207981
   1 432    -0.6073140    -0.4015989
   1 433     0.2108726     1.1381254
   1 434     0.1022139     1.5942286
   1 435    -0.5838005    -0.1715437
   1 436     0.5252867     0.6298896
   1 437    -1.2095747     0.9581355
   1 438    -0.3193140     0.6569357
   1 439    -0.3339783     1.2204377
   1 440    -1.6967801    -0.8560031
   1 441    -1.4084488     0.5453304
   1 442    -1.0202040     1.0290639
   1 443     0.5155784    -1.0680862
   1 444    -1.0633900     0.1811590
   1 445    -0.3951589     0.6497085
   1 446     1.4995748    -0.9817763
   1 447     1.0056842    -0.4691437
   1 448    -0.6731986    -0.8226727
   1 449    -0.0828233    -1.5057948
   1 450     0.7592643     0.9893264
   1 451     0.4963476     0.7012118
   1 452     0.5160217     0.7493214
   1 453     0.2610049     0.5420088
   1 454    -0.8677416    -0.5081738
   1 455     1.2389758    -0.3038627
   1 456     0.9997481     0.3229028
   1 457     0.8087878    -1.5024468
   1 458     0.4237020     1.3592403
   1 459    -0.5261587    -0.6805194
   1 460    -1.1822331     0.5589969
   1 461     1.0347086    -0.1708494
   1 462    -1.6566345     1.4284653
   1 463    -1.1243077    -0.4752297
   1 464     0.4595187     1.0668126
   1 465     1.0095039     0.3920272
   1 466     0.3201870     0.2872266
   1 467    -0.1085159    -0.7926004
   1 468    -0.9337696    -0.0855251
   1 469    -0.0247579    -0.0307822
   1 470    -0.9234239     1.2985591
   1 471     0.1899976    -0.9685796
   1 472     0.3226099    -1.8416455
   1 473    -1.2025601     1.1546287
   1 474    -0.2828107    -0.4881410
   1 475    -0.9847110     0.0834001
   1 476     0.1900296     1.9993806
   1 477    -0.0464213     0.5238889
   1 478    -1.0525955    -0.6483956
   1 479     1.0104520     1.6623839
   1 480    -0.5991039    -0.9308114
   1 481    -0.1743511    -0.9377706
   1 482     0.5866469    -0.0138940
   1 483    -0.4231432    -0.2581864
   1 484    -0.8350538     0.4921429
   1 485     1.1412163     1.9944487
   1 486    -0.6813769     0.1662378
   1 487     0.1489155    -0.9761784
   1 488    -0.3625416     0.5213303
   1 489    -0.6253277     0.1468038
   1 490    -0.7192740    -1.4296668
   1 491     0.5621751     1.5334009
   1 492    -1.1443291     0.7196656
   1 493     0.6321060    -0.5010118
   1 494    -2.0075456    -2.0761377
   1 495    -1.6453385     0.8129147
   1 496    -0.4553221    -0.5942040
   1 497    -0.6215476    -2.1440540
   1 498    -1.0983981     0.8439744
   1 499    -1.1967061     0.0638563
   1 500    -0.2163508     0.1361729
   1 501     0.5643703    -0.4585879
   1 502     0.2274015     0.1443470
   1 503    -0.6464169    -1.4980685
   1 504     0.3495827    -1.2920387
   1 505    -0.1651209    -2.3407033
   1 506     0.5770114    -1.3250343
   1 507     0.3547208     0.7736586
   1 508     0.4069554    -0.4526463
   1 509    -1.6499093    -1.8573738
   1 510     0.3637230     0.2984583
   1 511    -1.0931596    -0.1598462
   1 512    -0.0414954     0.8511603
   1 513    -0.2244153     0.0124947
   1 514     0.3320614     0.2407129
   1 515    -0.0829451     0.6938150
   1 516    -0.5761521    -0.2365039
   1 517    -1.1827374    -0.3441740
   1 518    -1.9729039     1.0163289
   1 519     0.2481500     0.6081355
   1 520    -1.5347419    -1.5704965
   1 521    -0.5273808     1.3579604
   1 522    -0.3215520    -0.5900367
   1 523    -0.1215177     0.1655317
   1 524     0.7781570     0.1990447
   1 525     1.6744904     0.5387549
   1 526    -1.6618385     0.3998913
   1 527    -0.0960424    -0.5785357
   1 528    -0.8621677     0.0678128
   1 529    -0.9163925    -0.1740125
   1 530     1.0868255    -0.0911554
   1 531     0.6950450    -1.0638565
   1 532     1.2129730    -0.0331645
   1 533    -1.3686885    -0.3728808
   1 534    -0.1380181    -0.4241894
   1 535     0.5172637    -2.5264530
   1 536     0.1647862    -0.8964797
   1 537    -1.6327254    -0.3838222
   1 538    -0.4835850    -0.4663624
   1 539     0.3599499     0.6043336
   1 540     0.6166019     0.7199293
   1 541     0.9067343     0.0879481
   1 542    -0.6586968    -0.3549724
   1 543    -0.9216614     2.7130379
   1 544     0.8378740    -1.7140632
   1 545    -0.3368257    -0.4358216
   1 546    -0.5846005    -0.3347442
   1 547     1.8996672     0.7784720
   1 548    -1.1420680    -0.3481653
   1 549    -1.2433552    -0.4983447
   1 550    -0.5542649    -1.5170236
   1 551     1.4753584     0.2669048
   1 552    -1.8091003    -0.2544432
   1 553    -0.0415446     1.4073396
   1 554    -0.3455209     0.7213472
   1 555    -0.7601685     1.1318110
   1 556    -0.3836359    -0.0357299
   1 557     0.4297490     1.2539984
   1 558     0.1127156    -0.3714139
   1 559    -1.6015865     0.1321406
   1 560     0.9929779     1.8417073
   1 561     0.5426751     1.4431775
   1 562     1.0844622    -0.8574546
   1 563    -0.0885148    -1.4818732
   1 564    -0.0227997     0.6641647
   1 565    -0.9842222     1.4845381
   1 566    -0.5959097    -1.0954454
   1 567    -1.1881919    -0.2990826
   1 568     0.9707116    -1.5088384
   1 569     0.2039802     0.9996368
   1 570     0.1308130    -0.3680135
   1 571     1.0476812    -2.0262705
   1 572    -1.6457904    -0.2972439
   1 573     0.2091256    -0.7377438
   1 574     0.8103009     0.0567574
   1 575     0.8807775    -1.2160150
   1 576     0.0321911     1.5954462
   1 577     0.3293194     1.6829111
   1 578     1.7293542    -2.4532256
   1 579     1.0394232     0.2265919
   1 580     0.0711238    -0.1844120
   1 581    -0.4276796    -0.1451129
   1 582     0.7188227    -2.8900918
   1 583    -1.4399677     0.1521894
   1 584    -1.0059746    -1.5262847
   1 585     1.5882268     0.4516652
   1 586    -0.0041274    -0.8956258
   1 587     0.8644470     0.2256950
   1 588    -0.1100914     0.1360032
   1 589     0.2503937    -1.0941348
   1 590    -0.5376788    -0.7325006
   1 591     0.8638290     0.8383885
   1 592    -0.4021566    -1.1831436
   1 593     0.6993621     1.2218632
   1 594    -0.1271719    -0.2000031
   1 595     0.1406028     0.2369871
   1 596     1.2021202     0.5467358
   1 597    -0.2044955    -0.7626024
   1 598     0.4203652    -1.7942347
   1 599     1.5015119     0.7725114
   1 600    -0.1680690    -0.9070938
   1 601     0.2730602    -0.2979567
   1 602     1.2343045    -0.8154078
   1 603    -1.4584609     1.9469523
   1 604    -0.7446676     0.1319843
   1 605    -0.4610478    -0.7563321
   1 606    -0.5895153     0.6535731
   1 607     0.1707938     0.3564854
   1 608     0.5157907    -0.1733381
   1 609    -0.6713462     0.3444154
   1 610     0.6365852     0.2140138
   1 611     0.8660195     1.0672944
   1 612     0.2688982     0.0887652
   1 613     0.2581965     1.1480505
   1 614     0.0776298     1.7230013
   1 615    -1.1032381     0.7450857
   1 616     0.1803306    -0.9253314
   1 617    -0.1656874     1.1408374
   1 618    -0.0833181     0.6514531
   1 619     2.1105213     0.5957036
   1 620     2.8009992    -0.0494667
   1 621    -0.6496228    -0.2054192
   1 622    -1.4800991     1.9962222
   1 623    -0.9647192    -2.1824352
   1 624    -0.4799540     0.8230297
   1 625    -1.7763612     0.3164781
   1 626    -0.3882873    -0.6037997
   1 627    -1.4360553     0.0738756
   1 628    -1.0976899    -2.7702330
   1 629    -0.0049777    -0.6583205
   1 630    -0.7675604    -0.8106679
   1 631    -1.5369499     1.2863087
   1 632    -0.1343102    -1.3921640
   1 633    -0.5579060    -0.7073240
   1 634    -1.4524776     0.6585179
   1 635     0.3339836    -0.3485587
   1 636     0.9567534     0.4757576
   1 637     1.1384177    -1.2553734
   1 638     0.8306494    -0.2388377
   1 639     0.4781952    -0.3645718
   1 640    -0.2576506     2.0926606
   1 641    -1.2776944     1.1510103
   1 642    -0.3154331     0.2292174
   1 643    -1.0035717     0.9191305
   1 644    -0.5004654     1.5268168
   1 645     0.6327227     0.0273388
   1 646    -0.8180377     0.5553206
   1 647     0.0385398    -0.7316757
   1 648     0.8112476    -0.9888923
   1 649    -1.1540356    -0.8004319
   1 650     0.1494962    -0.8912674
   1 651     0.7937910    -1.5195576
   1 652    -0.5095412    -1.0193633
   1 653    -3.1751855    -1.3116918
   1 654     0.7195665    -0.2097071
   1 655     1.0769443     0.8055050
   1 656    -0.4390440    -0.7505291
   1 657    -1.5339160    -0.5274722
   1 658     0.7132247     0.6272208
   1 659    -1.1400536    -1.1999884
   1 660     1.7641937    -0.0387436
   1 661     0.6760059    -0.7262510
   1 662     1.0236935    -0.8789839
   1 663    -1.1694331     0.3664240
   1 664     0.5496718     0.6467346
   1 665     0.4240162    -1.6763278
   1 666    -0.8769136    -1.1685804
   1 667     1.1147085     0.1629062
   1 668     0.6543394     0.0823226
   1 669     0.6825157     0.4615859
   1 670     2.6385066    -1.7860443
   1 671     0.5436988     1.2355183
   1 672     0.5109228     0.3686432
   1 673     1.5484974     1.9342646
   1 674     1.0331059     0.3658541
   1 675    -2.8141943     0.9306420
   1 676    -0.6503633     1.2828448
   1 677     0.1890014    -0.1498258
   1 678     0.8527749     0.2672314
   1 679     0.3222429    -1.0214441
   1 680     0.1826067     2.0685369
   1 681    -0.4205991    -0.5343029
   1 682     0.9873359    -1.1056817
   1 683    -1.1334306     1.0016886
   1 684    -0.5382972    -0.5561052
   1 685    -0.6687680     0.0701311
   1 686    -1.6624249     1.5125022
   1 687     2.0171188    -0.6443039
   1 688    -0.0134299     0.0006799
   1 689     1.6332611     0.2846654
   1 690     1.1463784    -1.0547792
   1 691     0.1281226    -0.0653889
   1 692     1.9023772     0.3221172
   1 693     0.8229558    -0.7333435
   1 694    -2.1198794    -1.0557641
   1 695     0.3765710    -0.6098453
   1 696     0.8716350     1.6717297
   1 697     0.2767924    -0.7212249
   1 698     0.2457551     0.9778538
   1 699     1.1522494    -0.1657402
   1 700     0.4744934    -0.4455020
   1 701     0.6189018    -1.1947774
   1 702     0.4631679    -0.2446747
   1 703    -0.1152394    -0.4442412
   1 704    -0.0127709     0.5763949
   1 705    -0.2203466     1.5073121
   1 706     1.4358736    -0.0977415
   1 707     0.6725655     1.2128244
   1 708     1.6836524    -1.0599503
   1 709    -0.4924251    -0.0131797
   1 710     0.1435160    -0.2869321
   1 711    -0.0172095    -1.1046883
   1 712     1.0072611     0.6918804
   1 713     0.7112104    -0.0238695
   1 714    -0.7250787    -0.6706155
   1 715    -0.2704193     0.7175230
   1 716    -0.3483195     0.2033877
   1 717     0.2057095    -1.1246608
   1 718     0.8420343    -0.5783739
   1 719    -0.1457721     0.1995435
   1 720    -0.1493933     0.5037884
   1 721     1.3631310     0.6395688
   1 722     0.9112044     0.8390606
   1 723     1.0853666    -0.0159748
   1 724    -1.5664220     0.3045959
   1 725    -0.0153976     0.5584936
   1 726    -2.9686623    -0.8325260
   1 727     0.2887335    -0.4395814
   1 728    -0.4524887     0.5326590
   1 729     0.1317455     0.0069702
   1 730    -0.0553659    -0.4015569
   1 731    -1.1770113    -0.2805400
   1 732    -1.0661310    -0.0612245
   1 733     0.3707176     0.8063729
   1 734     0.1161886    -0.2789955
   1 735     2.5397244    -1.5712568
   1 736     3.0440767     0.2080339
   1 737    -0.8663139     1.1600431
   1 738     0.1608150     0.1395356
   1 739    -0.2673470    -0.9698455
   1 740     0.5614305    -0.1605796
   1 741     1.8693345     0.3475077
   1 742    -0.7830017     1.7594101
   1 743     0.4139210     0.9326410
   1 744     0.6982737    -0.1936508
   1 745    -0.9186940     0.1632814
   1 746     0.6833608    -1.2341802
   1 747     0.2290512    -0.1041379
   1 748    -0.2931296    -1.4551808
   1 749     0.9289786     0.5112855
   1 750    -0.7887861    -0.8107205
   1 751    -1.4139228    -0.1578464
   1 752     1.4787393    -0.8982323
   1 753    -0.0100423    -2.7453490
   1 754    -1.2844553    -0.9097181
   1 755     0.0455336     0.0184696
   1 756    -0.4283030    -0.5971872
   1 757    -2.2398378     0.3292042
   1 758    -0.3189112    -0.6501900
   1 759     1.0180861    -0.5766217
   1 760     0.3492426     0.8092038
   1 761     0.1307654    -0.0923963
   1 762    -0.7337447     0.5288910
   1 763     0.3873385    -2.6821716
   1 764     1.6106612    -0.0853148
   1 765     1.2423031     0.3760252
   1 766    -0.4733276     2.2051718
   1 767     1.0182032    -1.4909526
   1 768     0.5112202    -0.0135191
   1 769    -1.2945580    -1.1587581
   1 770     1.3285670    -1.2846164
   1 771     0.3450689    -0.1784504
   1 772    -0.2789821     0.3000638
   1 773    -0.5891232     1.1645845
   1 774     2.0350446     0.1619955
   1 775     0.9692324    -1.2762647
   1 776    -0.2325002     0.9921908
   1 777     1.1582298    -0.9687254
   1 778     0.1349592    -2.2513726
   1 779    -0.9309244     0.0199821
   1 780     0.4367192    -0.8693974
   1 781    -0.7837309    -0.0863758
   1 782    -1.0730563     1.8978525
   1 783    -1.9593309    -0.7178796
   1 784    -0.0878626     0.1631428
   1 785    -1.9102422     1.8831120
   1 786     0.8090998    -0.0099316
   1 787     0.2481828    -1.1341590
   1 788     0.6968061     0.1742508
   1 789     1.1232845     0.0682874
   1 790     0.3217444    -0.6910059
   1 791    -0.9032455     1.8848589
   1 792     1.7316442    -0.5642420
   1 793     0.7497249    -0.4868385
   1 794     0.7248584     0.8333436
   1 795    -0.5750676     0.8558521
   1 796     0.1423634    -1.3678350
   1 797     0.3565396     0.3781733
   1 798    -0.4859776    -1.8190955
   1 799     0.5906195    -0.9199642
   1 800    -0.5884340     0.9287696
   2   1    -0.3493799     0.7320792
   2   2     0.4767549    -0.9317408
   2   3     0.9139196     0.7391435
   2   4     0.3037200    -0.6238771
   2   5    -1.9508222     0.7509447
   2   6    -1.9404812     0.2906971
   2   7     0.6078801     0.1978598
   2   8    -0.3344561     0.9080301
   2   9    -1.0598922    -0.9875961
   2  10    -1.9161989     0.3741018
   2  11    -1.1043612    -1.5233319
   2  12     0.0569524    -0.2830829
   2  13    -0.0618800     0.4761476
   2  14    -0.1561647    -1.4206405
   2  15     1.3524064    -0.5178114
   2  16    -0.8808488    -0.5959040
   2  17     0.7017824    -0.3951094
   2  18    -0.6560638    -1.4181038
   2  19     0.3085898    -0.1964983
   2  20    -1.1923401     0.1967732
   2  21     0.3481553     0.5410454
   2  22    -0.9962061     0.8436958
   2  23     0.3186539    -1.0466985
   2  24     0.4994230     0.4743269
   2  25     1.2703645     1.0940834
   2  26    -1.2077440    -0.2043882
   2  27    -0.1755218    -0.9640270
   2  28    -0.3715371     1.1795263
   2  29     2.4861336     1.1585985
   2  30     0.8654326    -1.2913543
   2  31     0.4642176     0.6207484
   2  32     1.0705075    -0.8989949
   2  33     0.5358059     0.5998183
   2  34     0.3127073    -0.9651890
   2  35    -1.6244515     0.2362943
   2  36     0.9829767    -0.0785615
   2  37    -1.4744641    -0.4914414
   2  38     0.1279613     1.3483898
   2  39     0.8682241     0.5944263
   2  40    -1.7567173     0.2107951
   2  41    -0.1227957    -0.4980004
   2  42     0.2185431     0.8463923
   2  43     0.1752043     0.1918350
   2  44    -0.8852436     1.2649117
   2  45    -0.2280247    -0.4726524
   2  46     0.9802353     1.4969954
   2  47    -0.3148589     1.5405468
   2  48     0.6488372    -0.4962808
   2  49     0.8426361     1.3948360
   2  50     0.1985619    -0.0902388
   2  51     0.0509652    -1.5003362
   2  52    -0.1052278    -2.7062016
   2  53    -0.1282246    -0.6553711
   2  54    -0.4367376    -0.0293309
   2  55     0.6054554     0.0011438
   2  56    -0.9238628     1.0155152
   2  57    -0.9233248     0.6124788
   2  58    -1.9719816     1.4493530
   2  59     0.0598236     0.5455494
   2  60     0.4169752     0.1188415
   2  61    -0.5969041    -1.3291992
   2  62     1.1851674     0.7363443
   2  63    -0.6263862     1.8190141
   2  64    -0.3331594    -1.7818385
   2  65    -1.2576555    -1.3246668
   2  66    -0.7958978     1.0686365
   2  67     0.5949314     0.1362359
   2  68     2.6534235    -0.4957836
   2  69    -0.1264286     1.2115592
   2  70     0.9946117     0.6627283
   2  71     0.2652891     0.1232909
   2  72    -1.4950305     0.4122408
   2  73    -0.5035165    -1.1218128
   2  74    -1.5333553    -0.1632107
   2  75    -0.0265549    -0.7619172
   2  76    -0.2159689    -0.1351444
   2  77    -0.2871932    -0.1429161
   2  78     0.4877329     2.1262037
   2  79    -1.8303176    -0.8551289
   2  80     0.0533166     1.2515005
   2  81    -0.7316412    -1.7045001
   2  82     0.4387367     0.8884243
   2  83     0.1533939     0.8922214
   2  84    -0.3850903    -0.6933693
   2  85    -1.4131964    -1.9582249
   2  86     0.3675522    -1.9199705
   2  87     0.5890469     0.4994302
   2  88     0.7048204    -1.5693821
   2  89     0.4510809    -2.0410380
   2  90    -0.1796875     0.3970509
   2  91     0.8618876     0.7842292
   2  92    -0.1243672    -0.1434660
   2  93     1.0303471     1.6409211
   2  94     0.0452160     0.5760696
   2  95    -0.6855349     0.0503387
   2  96     1.2207348    -1.2128724
   2  97     0.4028552    -0.8041172
   2  98    -1.4308612     0.5400838
   2  99    -1.2676654     0.0848276
   2 100     1.0151825     0.3448473
   2 101    -0.2006165     0.3009775
   2 102     0.8611995     0.2889146
   2 103    -0.4893756    -1.1366849
   2 104    -0.2380724     0.1112680
   2 105    -1.2328912    -1.3855037
   2 106    -0.5039904     0.9448166
   2 107    -1.4750028     0.7205502
   2 108    -1.7567983     0.6050234
   2 109    -1.2351212     0.5204215
   2 110     1.7414866    -1.0602117
   2 111    -0.9404646     0.6563799
   2 112    -1.8081734     0.9197341
   2 113    -0.6096580    -0.7852060
   2 114     0.0104300     0.5591610
   2 115     0.9396359     0.7537009
   2 116    -2.4416661    -1.4535333
   2 117    -0.9440594     1.4838606
   2 118     0.4258408    -1.1462356
   2 119    -0.5287190    -0.6901108
   2 120     0.4049532    -1.9882945
   2 121    -0.9817828    -1.0637988
   2 122    -0.7236991     1.4636504
   2 123     0.5122543    -0.4724789
   2 124     0.8309340     0.7894324
   2 125    -1.1804403    -0.6466917
   2 126    -1.0542003     0.4116113
   2 127     1.4709996     1.0634716
   2 128    -2.1479537    -0.3948221
   2 129    -0.9308235    -0.3320030
   2 130    -1.3148153     0.7649557
   2 131     1.2801032    -1.4314240
   2 132    -0.4542371     1.9589412
   2 133     0.6099426     0.3847978
   2 134     1.1622266     1.3812392
   2 135    -0.6264040     0.4695160
   2 136    -0.5882334    -1.2373865
   2 137    -1.0200830    -0.8787441
   2 138    -0.0466723    -1.4623277
   2 139    -1.5706269     0.8751573
   2 140     0.5768609     0.2107186
   2 141    -1.4284490    -1.2053898
   2 142     0.6907738    -0.8835034
   2 143     2.0632980    -0.5017782
   2 144    -1.0885896     0.2878893
   2 145     0.2431642    -0.2552857
   2 146     0.8641572     0.0847290
   2 147     0.1227682     1.9703210
   2 148    -0.5946572     1.2027065
   2 149    -0.6003311    -1.2745838
   2 150     0.8365428     0.6984637
   2 151     2.0017491    -1.0908928
   2 152    -0.5746019     0.1943035
   2 153     1.4484852     1.2918483
   2 154     1.2519778     2.7089710
   2 155     0.1867494    -1.5535898
   2 156     1.1993230    -0.9815385
   2 157     0.9785334    -0.9452296
   2 158     0.5386813     0.9252858
   2 159     0.1210351     0.9960397
   2 160     0.9843795     0.4547220
   2 161     0.7264185     0.0534904
   2 162     0.4191205     1.8655725
   2 163    -0.4980304     1.7489628
   2 164    -0.6831590     1.6291585
   2 165    -0.0557422     1.2507176
   2 166     0.0069618     0.0433226
   2 167    -0.1572533     0.7897173
   2 168     1.4314410    -0.4388009
   2 169     1.0836534    -0.3524717
   2 170    -0.5667248    -0.7675479
   2 171     0.0010706    -0.2178318
   2 172     0.1439740     0.3977856
   2 173     1.0140394    -0.6642810
   2 174    -0.0406504    -0.7532159
   2 175    -0.4540512     0.2808518
   2 176    -1.4659172     0.5615879
   2 177    -0.8563816     0.9390882
   2 178     0.1214131     0.7120081
   2 179     0.9359812     0.0017715
   2 180    -0.8610613     0.4580746
   2 181    -1.5431733    -2.5736889
   2 182    -0.2499690     0.6397697
   2 183    -0.1695790     0.4337002
   2 184    -1.2547538     0.6964684
   2 185    -0.2313727     0.0313439
   2 186    -0.0250796     0.8433731
   2 187     0.9421223    -1.4279206
   2 188     0.3244756    -1.6266313
   2 189     1.4274976    -1.5529383
   2 190     0.4644024     0.9348843
   2 191    -0.3446195    -1.4015247
   2 192     0.7373382    -0.6442272
   2 193    -0.5067612    -0.9062547
   2 194     1.2948401     0.6780609
   2 195    -1.0984360     0.0694446
   2 196     1.6484942     0.6464014
   2 197     0.9105572     2.2732026
   2 198    -0.6623621     1.0903743
   2 199     0.1953451    -0.8393897
   2 200    -1.4665037    -0.4629979
   2 201     0.3199175    -0.1712269
   2 202     2.1808483    -2.1983768
   2 203     1.8909395     0.5847801
   2 204    -0.5781953     1.2986267
   2 205     0.3420319    -0.4333688
   2 206    -1.0228425    -0.8744576
   2 207    -0.7931338    -2.5387759
   2 208     1.1990629    -0.0141088
   2 209    -0.6695665     0.0148992
   2 210    -1.5877160     0.1117071
   2 211    -0.3522302    -1.3277084
   2 212     1.3311598    -1.5475315
   2 213     1.2915822    -1.7516003
   2 214     0.1089176     0.7897698
   2 215     1.1460445    -0.2838721
   2 216     1.0299071     1.3464656
   2 217    -0.9282205    -0.2480194
   2 218     1.1777758    -0.1365490
   2 219     0.1716780     0.9595604
   2 220    -0.3119534    -0.9027826
   2 221    -0.3536825     0.1495648
   2 222     0.1489729     0.3398609
   2 223     0.9447941    -0.3976880
   2 224    -0.4107226     0.8497968
   2 225     1.4552245     1.4784119
   2 226     0.4372559    -0.0446855
   2 227     0.2673817    -0.6220285
   2 228    -0.6487504    -0.1906443
   2 229    -0.8385618    -1.4813096
   2 230    -0.3582102    -1.0632296
   2 231     1.1157207    -0.9315776
   2 232    -0.2966979     0.9658570
   2 233    -0.6460367    -0.8246331
   2 234     0.6319446     0.3422991
   2 235    -0.8012975     1.2571080
   2 236     0.9163587     0.5526857
   2 237    -1.0380744     0.5518634
   2 238    -0.2497068    -0.0599076
   2 239    -0.0582421     0.1728996
   2 240    -0.7722935     0.9749589
   2 241    -1.9393576    -1.2838384
   2 242     0.1759441     0.3737905
   2 243    -0.7182831    -0.5782812
   2 244     0.6472390    -1.9984231
   2 245     0.3790491    -0.6967461
   2 246    -1.6155085     0.2232743
   2 247    -0.6116086     0.2500727
   2 248    -0.3615050     0.9853132
   2 249     0.2640115     0.4809139
   2 250    -0.9563999    -1.5104438
   2 251    -0.9433282     0.6609198
   2 252    -0.8870983    -2.3910901
   2 253     0.4536922    -2.2546251
   2 254     0.6801952     0.3900176
   2 255     0.5694169    -1.3904993
   2 256    -0.0314535    -0.5627550
   2 257    -0.3882076     0.6749129
   2 258    -1.1718045    -0.9735948
   2 259    -1.2614449    -0.0364635
   2 260    -0.0014251     1.7364145
   2 261     1.7123245     0.8315867
   2 262     0.6001629    -0.2984491
   2 263    -0.2187602     1.1609233
   2 264     1.1634633     0.8642681
   2 265     0.7814842    -0.4771781
   2 266    -1.3996310     0.4538793
   2 267     0.4908742     0.2158526
   2 268    -1.1575179    -1.5883091
   2 269     0.2810204     0.7047330
   2 270     1.0360180     1.2232768
   2 271    -0.7887527     0.3847597
   2 272    -0.0801006     0.2391253
   2 273     0.7335027     1.5678287
   2 274    -3.4752852    -0.2664439
   2 275    -0.6041816    -1.3928387
   2 276     0.2891448     1.5673363
   2 277    -0.2977214     0.1935405
   2 278    -0.1896744    -0.7674946
   2 279     0.9648542    -1.4700260
   2 280    -1.6589785    -2.6802778
   2 281     1.9507676    -0.0632527
   2 282     0.0046035    -0.4141299
   2 283     0.8923830     0.0767735
   2 284     0.3513461     0.3847539
   2 285    -1.0883692     1.6488476
   2 286    -0.7275575    -0.3234158
   2 287    -0.3260641     0.1246222
   2 288    -1.9319142     1.6323302
   2 289    -0.0040505     0.7123814
   2 290    -0.0368318    -2.3151177
   2 291     1.2364072     1.9686489
   2 292    -0.6286039     1.6762019
   2 293    -1.1670217     0.0501518
   2 294     0.8975667    -0.7350861
   2 295     1.3990906    -0.7774186
   2 296    -0.1851064     1.3987361
   2 297     1.7249308    -0.3545818
   2 298     0.4723784     1.4833994
   2 299     1.3568667    -0.8556316
   2 300    -0.6964636    -0.2619916
   2 301    -0.8326397    -0.1035717
   2 302    -0.0859988     0.8483365
   2 303    -1.7706927     2.4349090
   2 304    -0.2099907     0.3090964
   2 305     0.5222546    -0.9511200
   2 306    -1.7023277    -0.0499342
   2 307     1.2067073    -0.4447139
   2 308    -0.0851184     2.1685065
   2 309     1.2717724    -0.2807890
   2 310    -0.0454027     1.3643608
   2 311    -0.1746434    -0.9643615
   2 312     1.8960549    -2.4271850
   2 313     0.6732877    -1.2988289
   2 314    -0.6628693    -0.4728730
   2 315     0.4776376     1.1935872
   2 316     0.3506576    -0.3357723
   2 317     0.5136540    -0.2964192
   2 318    -0.2406795    -1.9754720
   2 319    -1.7482695     0.1909524
   2 320     1.4698595     0.8066689
   2 321    -0.1429396    -0.0194891
   2 322     0.7973330     0.1263105
   2 323     1.4399726    -0.9317813
   2 324     1.2358019     0.5878468
   2 325    -0.2295363    -1.0910899
   2 326     0.0450787     0.1998694
   2 327    -0.1294972     2.3819123
   2 328    -0.1380432    -0.2861008
   2 329    -1.5262877     0.0868981
   2 330    -0.9114808    -1.0923370
   2 331    -0.7582776     1.1696072
   2 332     0.8891172    -0.3051196
   2 333     1.8542316    -0.4204948
   2 334     0.3410731    -0.9126027
   2 335    -1.7174797    -0.9572167
   2 336     0.5285436     0.6090935
   2 337     0.2219486    -1.2160134
   2 338     0.7139638    -0.8937271
   2 339     1.3178009    -1.7415381
   2 340    -1.6205891     1.1767569
   2 341     0.1074030    -0.7019431
   2 342    -0.2609938     0.8349938
   2 343    -1.5709008    -0.0517199
   2 344     1.3072234     1.5719950
   2 345     0.1686053     0.2767178
   2 346    -1.4915907     0.8363054
   2 347    -0.8797553     0.2558230
   2 348    -1.9617803    -0.1213432
   2 349     0.0641901     0.8055088
   2 350     0.5841485     0.2859062
   2 351    -1.3667173    -1.1223222
   2 352     0.4551515    -0.6406939
   2 353    -1.3612020    -0.4786207
   2 354     0.2025193     0.3975272
   2 355    -1.0818541     2.3906266
   2 356     1.1196679     1.9582705
   2 357    -0.7458368     1.0264916
   2 358    -0.4805314    -0.2998235
   2 359     0.0805033    -0.8110849
   2 360    -0.2022468    -2.1587398
   2 361     0.7268728     0.5490137
   2 362     0.0329895    -0.3370718
   2 363     1.3944202    -0.8976038
   2 364     0.5415657    -0.8044443
   2 365    -0.2746753     0.2914018
   2 366     1.2337786    -1.5126146
   2 367    -0.2752727    -0.3547360
   2 368     1.0646341    -1.6669482
   2 369     1.1575029    -0.5502784
   2 370     0.8693074     0.2865198
   2 371     0.5533318    -0.3273076
   2 372     0.0969889    -1.6441826
   2 373     0.7258487    -0.9738121
   2 374    -0.2435060     0.1822179
   2 375    -0.0757737    -1.6493809
   2 376    -0.6966245    -0.3007364
   2 377     1.6023531     1.6479759
   2 378     0.1034056    -0.5911382
   2 379     0.0096018     2.4374056
   2 380    -1.6238054    -0.6908501
   2 381     0.0069791    -0.2831959
   2 382    -0.1525203     0.8061464
   2 383    -0.5516602     0.1637823
   2 384     0.0949804    -0.2804285
   2 385    -0.7102340     0.5377356
   2 386     1.4577185     1.0433441
   2 387    -0.7605048     1.9315099
   2 388    -0.2309569    -1.4688320
   2 389    -0.7154640    -1.0205132
   2 390    -0.7558916     0.3263535
   2 391     2.4004511    -0.2702241
   2 392     2.3329270     0.5984956
   2 393     1.7542195     0.1990020
   2 394    -0.7477414     0.0799329
   2 395     0.5550959     0.9998098
   2 396     0.3911496     1.5755827
   2 397    -0.1752409     0.9713813
   2 398     0.6940406     0.6351700
   2 399    -0.0119673    -1.2599749
   2 400     0.3767799     2.1957998
   2 401    -0.4306632    -0.0149196
   2 402    -0.6657757     0.3078552
   2 403     0.4918209    -1.4945040
   2 404     1.6829580     0.8109258
   2 405     1.0874613     0.0732785
   2 406    -1.2941846    -2.0585915
   2 407    -0.1922838    -1.1639572
   2 408     0.1555174     0.3082827
   2 409     0.8207391     0.5967364
   2 410    -2.3537008    -0.8831888
   2 411     0.7758201     0.3724902
   2 412    -2.0302274     0.5556775
   2 413     1.1865756    -0.3391919
   2 414     0.5755346     0.4214208
   2 415     0.8433159    -2.1399316
   2 416     0.3748359     0.6328557
   2 417     0.1013095    -0.1442268
   2 418    -1.0000605     1.6992636
   2 419     0.0064615     0.6390090
   2 420     0.7865494    -0.1832805
   2 421    -1.9472531     1.0934402
   2 422     0.8454407     2.1447144
   2 423    -0.1557717    -0.0900825
   2 424    -0.0474511    -0.6432264
   2 425    -0.7044193     0.9201800
   2 426     1.0768692     0.1477325
   2 427     1.0008626     0.0169804
   2 428     0.4700925    -0.6364595
   2 429     0.6075506     0.9499024
   2 430    -1.0739455     1.9937905
   2 431     1.0849121    -1.7543665
   2 432     0.5067925     1.0792451
   2 433    -0.9761975     0.1079387
   2 434     1.5754800    -0.1664392
   2 435     0.5751500     0.8275748
   2 436    -0.2943614     0.7418086
   2 437    -0.7531394    -0.5177265
   2 438     0.6850345     0.7715601
   2 439    -0.1232599    -0.5226059
   2 440    -0.9858263    -2.0277732
   2 441    -0.5074270     0.3996825
   2 442     0.8746053    -0.1686954
   2 443    -1.0600523     0.9060647
   2 444     0.1411985     0.2436429
   2 445    -0.1043691    -1.6666544
   2 446     0.6647663    -0.4576808
   2 447     2.6965546    -0.3431005
   2 448    -1.3064978    -1.1215107
   2 449     1.5743112    -0.3548399
   2 450    -1.3172770     0.3676932
   2 451     0.4090235     1.0222625
   2 452    -0.7198544     0.0641945
   2 453     0.4579160    -1.5530421
   2 454    -1.2082570     1.1339126
   2 455     0.5489396     1.2234717
   2 456     0.7476115    -1.3765704
   2 457     0.9217817    -0.6345219
   2 458     0.5993943    -1.2276056
   2 459     2.8809021     0.8708367
   2 460     0.6902758    -1.3436347
   2 461    -0.2466470    -0.8611409
   2 462     1.4330524     1.1957904
   2 463     0.7781580    -0.4179341
   2 464     1.8252302    -0.5382716
   2 465     0.1794348     0.8513322
   2 466    -1.0325757     1.1904584
   2 467     1.8447574    -1.0094038
   2 468     1.4433144    -0.6766736
   2 469     0.6566912     0.1462033
   2 470     0.5668559    -0.3649041
   2 471    -0.8028988    -1.6535660
   2 472     0.4878889     0.6589548
   2 473    -1.9188587    -0.5558545
   2 474     0.7218252    -3.1622143
   2 475    -1.5946696    -0.2967446
   2 476    -1.6538830    -1.1511584
   2 477     0.7521290    -0.0722180
   2 478    -0.3958657     0.1412879
   2 479    -0.6872898    -0.0938291
   2 480     1.1416292    -0.4744079
   2 481     0.2740812    -1.2037999
   2 482     2.6611774     1.7629632
   2 483    -0.7996855    -0.9750372
   2 484     1.8718371    -0.1965765
   2 485    -0.6940568    -1.0473605
   2 486     0.3365456    -0.1764027
   2 487     2.0603239     1.7336388
   2 488     1.5645168    -0.7737488
   2 489     0.7562384     0.5961450
   2 490    -0.4182594     1.5014613
   2 491     0.7917775     0.2542809
   2 492     0.1055166     0.2557934
   2 493    -0.4938710     1.6693180
   2 494    -0.4061660    -1.0814579
   2 495    -1.1850692     0.0478094
   2 496     0.7082339    -0.8826013
   2 497     1.5728895    -0.5369000
   2 498     0.7388655    -0.8735427
   2 499     0.4171529     0.9658466
   2 500     1.0648558     0.3212292
   2 501    -0.0858175    -0.6776582
   2 502     0.4249741     0.1966932
   2 503    -0.3969456    -0.3256720
   2 504    -0.3893412     1.1255674
   2 505    -0.0249879     0.5127416
   2 506    -0.1612055    -0.5450788
   2 507    -0.6378319     0.5316245
   2 508     1.2787004    -0.6762033
   2 509    -0.7240882     0.5231816
   2 510     0.3713586     0.5319443
   2 511     1.1619058     0.9439007
   2 512     0.6162117    -0.0188301
   2 513     0.2252756     2.1441357
   2 514    -0.7879605    -1.6386375
   2 515    -0.8361985     0.0568178
   2 516     0.1382630    -0.1367275
   2 517     0.1214417     0.9356722
   2 518    -1.3067201    -1.6008127
   2 519    -0.1392803     1.4897246
   2 520    -0.4788239    -0.5496809
   2 521     0.6557093    -0.8477378
   2 522     1.5356885    -0.1192052
   2 523     1.4386284     0.5908989
   2 524    -0.8724497     1.1183000
   2 525     1.6517192     0.6871346
   2 526    -0.4563352    -2.5235875
   2 527     0.8852244    -0.6267714
   2 528     0.8957649    -1.0207756
   2 529     0.2952027     0.1808838
   2 530    -1.2933412    -0.6464221
   2 531     0.5196374    -0.6878964
   2 532    -0.8508857    -0.0877447
   2 533    -1.1673302    -0.8855095
   2 534     1.7365926    -0.9316217
   2 535     1.3820342    -0.2148264
   2 536    -1.5975260    -1.3595393
   2 537    -0.6877898     0.4439656
   2 538    -1.0184203     0.8055368
   2 539    -1.3666213    -0.0101735
   2 540    -0.4048828     0.5358938
   2 541     1.1501540    -0.2462231
   2 542     1.0734909     0.8736756
   2 543    -0.0827149    -1.7077250
   2 544    -0.4483010     0.7499909
   2 545    -1.4723182    -2.0717612
   2 546     0.8850213    -1.3168845
   2 547     0.9533679    -0.1774970
   2 548     1.6036982    -0.5925478
   2 549    -1.7891355    -1.0707408
   2 550    -0.3393944     0.2550776
   2 551    -0.9739632    -0.6860298
   2 552     0.8729312    -2.0214059
   2 553    -1.1569799     0.9295638
   2 554     0.8921357     0.7668928
   2 555    -0.2841421    -0.4912603
   2 556    -0.0368844     1.2070238
   2 557    -0.2371804    -0.9507254
   2 558     2.0394221     1.1528545
   2 559    -0.3192257     0.3806392
   2 560     0.1941848    -0.1799705
   2 561    -1.0387898    -0.9754295
   2 562     0.4926037    -0.2044322
   2 563     0.3361436     0.6456397
   2 564     0.3105727    -0.4826426
   2 565     0.3373404     0.6048612
   2 566    -1.4934861    -0.9785831
   2 567    -0.2749529    -0.2357983
   2 568     0.3296134     0.1817405
   2 569     1.0151464    -0.3128663
   2 570     0.1401589    -0.2918120
   2 571    -1.8509062    -0.0824055
   2 572    -0.1428171    -0.0324140
   2 573     0.2348737     0.2754223
   2 574    -1.1647981     1.7883017
   2 575    -0.7141822    -0.9261158
   2 576    -0.1433187     0.1947010
   2 577     0.2471534     0.1973730
   2 578     0.4558935     0.3062668
   2 579    -1.0864284     0.3830242
   2 580     0.3001475    -0.1663651
   2 581     0.8953536     1.0573795
   2 582     0.2885284    -0.0434247
   2 583     0.3569306    -0.6714347
   2 584     0.5112335     0.5593179
   2 585    -1.8408371     1.8098245
   2 586    -0.3100772    -0.7789726
   2 587     0.4549067     1.7435234
   2 588    -1.5323278    -0.4448022
   2 589     0.1217699     0.0399141
   2 590    -0.7247984     0.1412799
   2 591     0.8295394     1.0114799
   2 592    -1.4752670    -1.7688720
   2 593     0.3215549    -0.8726982
   2 594     0.0608671    -1.0072664
   2 595    -0.6661076    -1.6941983
   2 596    -0.3026213    -0.7411607
   2 597     0.3132637    -1.2407960
   2 598     0.6718353    -0.2710912
   2 599     1.7620259    -1.5653025
   2 600    -0.1456936    -0.0506026
   2 601    -1.4445363    -1.2049377
   2 602     1.4897905     0.5524933
   2 603     0.6871342    -0.5446653
   2 604    -1.1909077    -0.1295914
   2 605     0.4670875    -0.1149290
   2 606    -0.8475250     0.7928892
   2 607    -0.3172311    -1.1784784
   2 608    -0.9997768    -0.9746399
   2 609     0.3892083     0.6988919
   2 610    -1.2394585     0.0863867
   2 611    -0.3331011    -1.4609269
   2 612    -0.0150420    -1.8068579
   2 613     0.5271937    -0.5312407
   2 614    -0.0078994    -1.8001777
   2 615    -0.7480902    -0.4125673
   2 616     0.2470607    -0.0455627
   2 617    -0.2937684    -1.7323775
   2 618    -0.0088866     0.4803738
   2 619    -0.3736628    -0.0575516
   2 620    -0.0707740    -0.5886416
   2 621     0.1824956     0.2830696
   2 622    -0.4706799     0.1778005
   2 623     1.5921006    -1.4464493
   2 624    -0.6020842    -0.0955757
   2 625    -0.7994149     0.3875979
   2 626    -0.4213900     1.2561083
   2 627    -0.3987638     0.2043625
   2 628    -0.7998833     1.0737604
   2 629     0.9530025     0.7152333
   2 630    -1.9134286    -0.8545918
   2 631     0.0740727     1.1519339
   2 632    -0.5807564    -0.1091316
   2 633     0.4948935    -0.0924346
   2 634    -0.8431310    -0.1850306
   2 635     1.4457050     0.0471412
   2 636     0.5173106    -0.2050281
   2 637     0.1775383    -0.0287430
   2 638    -0.2407142     1.0918290
   2 639    -2.3120370     0.5203706
   2 640    -0.9130056     0.8491192
   2 641     0.2461890    -0.2707404
   2 642    -0.6579174     0.1295207
   2 643    -0.3366956     0.6138915
   2 644     1.4537930    -0.7182708
   2 645     1.9996933     1.1477916
   2 646    -2.4689324     0.8993139
   2 647     1.4408067     1.0830081
   2 648     0.0636177     0.0677383
   2 649    -0.2546463     0.2902103
   2 650    -0.7073567    -1.2911813
   2 651     2.3163618     1.0492501
   2 652     1.0516017     0.3847215
   2 653     1.9794066     0.2853114
   2 654    -0.3803540     1.1209475
   2 655     1.2324515     0.2062738
   2 656     0.8499535     0.0547783
   2 657    -1.0129704     1.3754119
   2 658     1.3508527     0.6075681
   2 659     0.6900834     0.3241262
   2 660    -0.8195453    -1.5205145
   2 661    -0.9676341    -1.8216430
   2 662     1.1467386    -0.2409260
   2 663    -1.0492884    -0.9206217
   2 664     0.9739699     1.0243977
   2 665     0.0179268     1.3307972
   2 666     0.6646182    -1.5084137
   2 667     2.2566614     0.1431542
   2 668     0.6841887     0.0373972
   2 669    -0.0450622     1.9256862
   2 670     0.0313277     0.1584558
   2 671     0.3138377     0.4287257
   2 672     1.0386777    -1.1156493
   2 673    -0.2916357     1.3369663
   2 674    -1.0774240     0.3772011
   2 675    -0.6412249    -1.0653211
   2 676     1.0168536    -0.6675189
   2 677     0.4237394     0.7132213
   2 678     0.4275800    -0.3939187
   2 679     1.3489738    -0.2162867
   2 680     1.3829066     0.2748737
   2 681    -0.8701080     0.5875013
   2 682    -0.3193356     0.4295449
   2 683     0.5665961    -0.1910942
   2 684    -0.2784288    -0.1361837
   2 685    -0.4008695    -0.1671184
   2 686     1.0537246     0.2187278
   2 687     1.5356434     1.3557806
   2 688    -0.3274218     1.1987709
   2 689     2.4943232     0.3395444
   2 690     1.0243280     0.2649108
   2 691    -0.7897299     0.3598721
   2 692     0.0030461    -0.9325154
   2 693     1.4157423     0.1800538
   2 694     0.1966917     0.2031835
   2 695     2.5030277    -0.7476793
   2 696    -1.1616571     0.5625946
   2 697    -1.4869462    -0.3112345
   2 698    -1.8447095    -0.6524160
   2 699    -0.7197676     0.0355180
   2 700     1.2550307     3.4092557
   2 701     0.2026374    -0.5053654
   2 702    -1.6381872     1.4724726
   2 703     0.7044819    -1.0270354
   2 704    -0.8791595     0.4265265
   2 705    -0.8336336    -0.1143260
   2 706     1.1408946    -1.9477122
   2 707     0.0717781     0.8922921
   2 708     0.4883624    -0.0120724
   2 709     0.1609532    -0.1058015
   2 710     1.2579796     1.0627469
   2 711    -0.1195032     0.5580984
   2 712     0.5053968    -1.5020467
   2 713     0.4555016    -0.1893606
   2 714    -0.3139489     0.8476225
   2 715    -1.8670771     0.0780634
   2 716     0.0503203    -1.0558057
   2 717    -0.0619620    -0.5902205
   2 718    -1.1846631     0.3743564
   2 719    -0.4183773    -0.1635255
   2 720     0.6434692     1.1582636
   2 721    -0.8558596     1.1982204
   2 722     0.8288476    -1.8636830
   2 723     0.6864256    -0.4655673
   2 724     0.2186154    -0.4246753
   2 725    -0.8907350     0.4102956
   2 726     0.4326115    -0.8855689
   2 727     2.3483693     1.8063932
   2 728    -1.2282779     0.9643089
   2 729     0.5099558    -0.0479201
   2 730    -0.8616991    -0.1564931
   2 731    -0.6603477    -0.3387409
   2 732    -1.0029694     0.4953825
   2 733     0.1759923    -2.1246647
   2 734    -0.1174325     0.1840164
   2 735     0.7882556    -1.2148808
   2 736     0.0252669     1.6922628
   2 737     0.3886402     0.1894535
   2 738    -0.1053833     0.5444581
   2 739     2.0002151     0.0346062
   2 740     1.0612885     0.7501322
   2 741     1.8571160    -0.1289179
   2 742    -0.8106521     0.1787319
   2 743     0.3693057    -0.4162913
   2 744    -0.8365587     1.4246728
   2 745     0.0480611     1.8252626
   2 746     0.3160709    -1.8770809
   2 747     1.1692462    -0.7058242
   2 748     0.8874096     0.2140534
   2 749    -0.4439506     0.0049418
   2 750     0.5392261     0.2569495
   2 751     0.0173944     0.6833387
   2 752    -1.3955612     2.7635729
   2 753     0.5581679     0.0315454
   2 754    -0.3858727    -0.2103487
   2 755    -0.2342475    -2.1788810
   2 756    -0.0292355    -0.9575765
   2 757    -0.0757122     1.1718421
   2 758    -0.4039432     1.6111177
   2 759     1.4548008    -1.1867460
   2 760    -1.5779535     0.2902329
   2 761    -1.3493990    -2.0450544
   2 762    -0.3219375    -2.3656870
   2 763    -0.3364997    -2.3291687
   2 764    -1.2103527    -0.9703088
   2 765    -1.4222049     0.0963493
   2 766     2.0125203    -1.5849716
   2 767     0.5520290    -0.9748374
   2 768     0.1028478     1.4220736
   2 769     0.5092733    -0.1235450
   2 770    -0.9064410    -1.0353512
   2 771     0.5919686     0.9918895
   2 772     0.4336229     0.3293297
   2 773     0.0676306    -0.3111636
   2 774     0.7044167     0.7481332
   2 775    -0.0372227    -1.1285902
   2 776    -2.8400821     0.0351754
   2 777    -0.4464267     0.5856743
   2 778     0.6593006    -0.8171544
   2 779     0.1779982     1.1446285
   2 780     1.4072112    -0.2336809
   2 781    -0.3196430     0.2988503
   2 782    -0.3652391     0.3628409
   2 783    -1.1200814    -0.4161504
   2 784     0.1944075     1.0095130
   2 785     0.8362627    -0.3339875
   2 786    -1.6040929     1.3977731
   2 787     1.0177884     0.0955770
   2 788    -0.1114443     0.0472131
   2 789     0.6419716     1.1311229
   2 790    -2.0427299     0.5093584
   2 791     0.0003956    -0.1411533
   2 792     0.8810137     1.5850434
   2 793    -0.0121949     0.6345237
   2 794     0.6137809    -0.2755175
   2 795    -1.2757065    -0.4909001
   2 796    -0.6101927    -0.3562118
   2 797    -2.1501977     1.0800758
   2 798    -0.6311509     2.2839717
   2 799     0.0666423    -0.0061904
   2 800     0.2591335     0.7648731
