     0.0000000     1.0000000
     0.0150000     0.9995501
     0.0300000     0.9982020
     0.0450000     0.9959601
     0.0600000     0.9928314
     0.0750000     0.9888258
     0.0900000     0.9839546
     0.1050000     0.9782313
     0.1200000     0.9716697
     0.1350000     0.9642846
     0.1500000     0.9560916
     0.1650000     0.9471067
     0.1800000     0.9373470
     0.1950000     0.9268304
     0.2100000     0.9155748
     0.2250000     0.9035986
     0.2400000     0.8909200
     0.2550000     0.8775576
     0.2700000     0.8635300
     0.2850000     0.8488559
     0.3000000     0.8335541
     0.3149999     0.8176427
     0.3299999     0.8011397
     0.3449999     0.7840634
     0.3599999     0.7664327
     0.3749999     0.7482672
     0.3899999     0.7295867
     0.4049999     0.7104110
     0.4199998     0.6907600
     0.4349998     0.6706543
     0.4499998     0.6501158
     0.4649998     0.6291674
     0.4799998     0.6078328
     0.4949998     0.5861359
     0.5099998     0.5641007
     0.5249997     0.5417509
     0.5399997     0.5191105
     0.5549997     0.4962031
     0.5699997     0.4730514
     0.5849997     0.4496766
     0.5999997     0.4260985
     0.6149997     0.4023357
     0.6299996     0.3784065
     0.6449996     0.3543285
     0.6599996     0.3301191
     0.6749996     0.3057945
     0.6899996     0.2813705
     0.7049996     0.2568636
     0.7199996     0.2322916
     0.7349995     0.2076743
     0.7499995     0.1830333
     0.7649995     0.1583920
     0.7799995     0.1337739
     0.7949995     0.1092020
     0.8099995     0.0846967
     0.8249995     0.0602756
     0.8399994     0.0359542
     0.8549994     0.0117468
     0.8699994    -0.0123328
     0.8849994    -0.0362716
     0.8999994    -0.0600559
     0.9149994    -0.0836719
     0.9299994    -0.1071044
     0.9449993    -0.1303362
     0.9599993    -0.1533477
     0.9749993    -0.1761169
     0.9899993    -0.1986215
     1.0049993    -0.2208403
     1.0199993    -0.2427555
     1.0349993    -0.2643523
     1.0499992    -0.2856178
     1.0649992    -0.3065403
     1.0799992    -0.3271084
     1.0949992    -0.3473111
     1.1099992    -0.3671377
     1.1249992    -0.3865776
     1.1399992    -0.4056202
     1.1549991    -0.4242540
     1.1699991    -0.4424669
     1.1849991    -0.4602464
     1.1999991    -0.4775799
     1.2149991    -0.4944537
     1.2299991    -0.5108514
     1.2449991    -0.5267546
     1.2599990    -0.5421446
     1.2749990    -0.5570053
     1.2899990    -0.5713242
     1.3049990    -0.5850918
     1.3199990    -0.5983013
     1.3349990    -0.6109471
     1.3499990    -0.6230246
     1.3649989    -0.6345305
     1.3799989    -0.6454629
     1.3949989    -0.6558213
     1.4099989    -0.6656059
     1.4249989    -0.6748172
     1.4399989    -0.6834563
     1.4549989    -0.6915243
     1.4699988    -0.6990234
     1.4849988    -0.7059559
     1.4999988    -0.7123242
     1.5149988    -0.7181291
     1.5299988    -0.7233695
     1.5449988    -0.7280427
     1.5599988    -0.7321456
     1.5749987    -0.7356762
     1.5899987    -0.7386333
     1.6049987    -0.7410158
     1.6199987    -0.7428222
     1.6349987    -0.7440503
     1.6499987    -0.7446981
     1.6649987    -0.7447645
     1.6799986    -0.7442496
     1.6949986    -0.7431547
     1.7099986    -0.7414836
     1.7249986    -0.7392424
     1.7399986    -0.7364394
     1.7549986    -0.7330837
     1.7699986    -0.7291835
     1.7849985    -0.7247461
     1.7999985    -0.7197780
     1.8149985    -0.7142862
     1.8299985    -0.7082785
     1.8449985    -0.7017640
     1.8599985    -0.6947518
     1.8749985    -0.6872507
     1.8899984    -0.6792693
     1.9049984    -0.6708167
     1.9199984    -0.6619034
     1.9349984    -0.6525409
     1.9499984    -0.6427405
     1.9649984    -0.6325121
     1.9799984    -0.6218651
     1.9949983    -0.6108101
     2.0099983    -0.5993600
     2.0249984    -0.5875304
     2.0399985    -0.5753375
     2.0549986    -0.5627966
     2.0699987    -0.5499199
     2.0849988    -0.5367174
     2.0999990    -0.5231980
     2.1149991    -0.5093713
     2.1299992    -0.4952489
     2.1449993    -0.4808441
     2.1599994    -0.4661706
     2.1749995    -0.4512418
     2.1899996    -0.4360709
     2.2049997    -0.4206716
     2.2199998    -0.4050587
     2.2349999    -0.3892472
     2.2500000    -0.3732511
     2.2650001    -0.3570819
     2.2800002    -0.3407491
     2.2950003    -0.3242609
     2.3100004    -0.3076248
     2.3250005    -0.2908484
     2.3400006    -0.2739406
     2.3550007    -0.2569120
     2.3700008    -0.2397752
     2.3850009    -0.2225440
     2.4000010    -0.2052321
     2.4150012    -0.1878529
     2.4300013    -0.1704203
     2.4450014    -0.1529510
     2.4600015    -0.1354641
     2.4750016    -0.1179798
     2.4900017    -0.1005175
     2.5050018    -0.0830951
     2.5200019    -0.0657293
     2.5350020    -0.0484360
     2.5500021    -0.0312294
     2.5650022    -0.0141224
     2.5800023     0.0028738
     2.5950024     0.0197489
     2.6100025     0.0364923
     2.6250026     0.0530934
     2.6400027     0.0695426
     2.6550028     0.0858321
     2.6700029     0.1019560
     2.6850030     0.1179088
     2.7000031     0.1336826
     2.7150033     0.1492650
     2.7300034     0.1646401
     2.7450035     0.1797899
     2.7600036     0.1946966
     2.7750037     0.2093437
     2.7900038     0.2237166
     2.8050039     0.2378017
     2.8200040     0.2515866
     2.8350041     0.2650606
     2.8500042     0.2782161
     2.8650043     0.2910491
     2.8800044     0.3035589
     2.8950045     0.3157462
     2.9100046     0.3276123
     2.9250047     0.3391574
     2.9400048     0.3503791
     2.9550049     0.3612717
     2.9700050     0.3718265
     2.9850051     0.3820339
     3.0000052     0.3918856
     3.0150054     0.4013757
     3.0300055     0.4105013
     3.0450056     0.4192624
     3.0600057     0.4276608
     3.0750058     0.4356978
     3.0900059     0.4433720
     3.1050060     0.4506779
     3.1200061     0.4576062
     3.1350062     0.4641454
     3.1500063     0.4702841
     3.1650064     0.4760129
     3.1800065     0.4813249
     3.1950066     0.4862158
     3.2100067     0.4906831
     3.2250068     0.4947246
     3.2400069     0.4983383
     3.2550070     0.5015224
     3.2700071     0.5042760
     3.2850072     0.5065995
     3.3000073     0.5084947
     3.3150074     0.5099656
     3.3300076     0.5110183
     3.3450077     0.5116612
     3.3600078     0.5119036
     3.3750079     0.5117537
     3.3900080     0.5112167
     3.4050081     0.5102953
     3.4200082     0.5089900
     3.4350083     0.5073005
     3.4500084     0.5052269
     3.4650085     0.5027701
     3.4800086     0.4999327
     3.4950087     0.4967185
     3.5100088     0.4931321
     3.5250089     0.4891775
     3.5400090     0.4848593
     3.5550091     0.4801847
     3.5700092     0.4751637
     3.5850093     0.4698097
     3.6000094     0.4641366
     3.6150095     0.4581578
     3.6300097     0.4518847
     3.6450098     0.4453263
     3.6600099     0.4384893
     3.6750100     0.4313789
     3.6900101     0.4240018
     3.7050102     0.4163661
     3.7200103     0.4084811
     3.7350104     0.4003547
     3.7500105     0.3919947
     3.7650106     0.3834093
     3.7800107     0.3746081
     3.7950108     0.3656016
     3.8100109     0.3563994
     3.8250110     0.3470090
     3.8400111     0.3374348
     3.8550112     0.3276778
     3.8700113     0.3177360
     3.8850114     0.3076055
     3.9000115     0.2972834
     3.9150116     0.2867701
     3.9300117     0.2760714
     3.9450119     0.2651975
     3.9600120     0.2541617
     3.9750121     0.2429787
     3.9900122     0.2316630
     4.0050120     0.2202286
     4.0200119     0.2086894
     4.0350118     0.1970603
     4.0500116     0.1853560
     4.0650115     0.1735896
     4.0800114     0.1617708
     4.0950112     0.1499071
     4.1100111     0.1380060
     4.1250110     0.1260761
     4.1400108     0.1141269
     4.1550107     0.1021676
     4.1700106     0.0902072
     4.1850104     0.0782547
     4.2000103     0.0663195
     4.2150102     0.0544124
     4.2300100     0.0425458
     4.2450099     0.0307331
     4.2600098     0.0189880
     4.2750096     0.0073234
     4.2900095    -0.0042492
     4.3050094    -0.0157204
     4.3200092    -0.0270825
     4.3350091    -0.0383288
     4.3500090    -0.0494523
     4.3650088    -0.0604458
     4.3800087    -0.0713028
     4.3950086    -0.0820185
     4.4100084    -0.0925896
     4.4250083    -0.1030134
     4.4400082    -0.1132866
     4.4550080    -0.1234048
     4.4700079    -0.1333622
     4.4850078    -0.1431522
     4.5000076    -0.1527680
     4.5150075    -0.1622034
     4.5300074    -0.1714529
     4.5450072    -0.1805124
     4.5600071    -0.1893780
     4.5750070    -0.1980465
     4.5900068    -0.2065149
     4.6050067    -0.2147793
     4.6200066    -0.2228338
     4.6350064    -0.2306709
     4.6500063    -0.2382841
     4.6650062    -0.2456689
     4.6800060    -0.2528229
     4.6950059    -0.2597443
     4.7100058    -0.2664302
     4.7250056    -0.2728775
     4.7400055    -0.2790832
     4.7550054    -0.2850436
     4.7700052    -0.2907530
     4.7850051    -0.2962035
     4.8000050    -0.3013852
     4.8150048    -0.3062889
     4.8300047    -0.3109077
     4.8450046    -0.3152386
     4.8600044    -0.3192818
     4.8750043    -0.3230404
     4.8900042    -0.3265195
     4.9050040    -0.3297258
     4.9200039    -0.3326669
     4.9350038    -0.3353491
     4.9500036    -0.3377771
     4.9650035    -0.3399524
     4.9800034    -0.3418732
     4.9950032    -0.3435338
     5.0100031    -0.3449261
     5.0250030    -0.3460412
     5.0400028    -0.3468710
     5.0550027    -0.3474104
     5.0700026    -0.3476584
     5.0850024    -0.3476187
     5.1000023    -0.3472986
     5.1150022    -0.3467066
     5.1300020    -0.3458501
     5.1450019    -0.3447337
     5.1600018    -0.3433597
     5.1750016    -0.3417287
     5.1900015    -0.3398408
     5.2050014    -0.3376966
     5.2200012    -0.3352980
     5.2350011    -0.3326495
     5.2500010    -0.3297568
     5.2650008    -0.3266262
     5.2800007    -0.3232633
     5.2950006    -0.3196738
     5.3100004    -0.3158640
     5.3250003    -0.3118410
     5.3400002    -0.3076115
     5.3550000    -0.3031823
     5.3699999    -0.2985606
     5.3849998    -0.2937553
     5.3999996    -0.2887760
     5.4149995    -0.2836316
     5.4299994    -0.2783293
     5.4449992    -0.2728744
     5.4599991    -0.2672700
     5.4749990    -0.2615170
     5.4899988    -0.2556152
     5.5049987    -0.2495646
     5.5199986    -0.2433668
     5.5349984    -0.2370250
     5.5499983    -0.2305427
     5.5649981    -0.2239239
     5.5799980    -0.2171735
     5.5949979    -0.2102972
     5.6099977    -0.2033011
     5.6249976    -0.1961915
     5.6399975    -0.1889739
     5.6549973    -0.1816529
     5.6699972    -0.1742326
     5.6849971    -0.1667171
     5.6999969    -0.1591115
     5.7149968    -0.1514231
     5.7299967    -0.1436611
     5.7449965    -0.1358361
     5.7599964    -0.1279589
     5.7749963    -0.1200393
     5.7899961    -0.1120852
     5.8049960    -0.1041022
     5.8199959    -0.0960943
     5.8349957    -0.0880654
     5.8499956    -0.0800209
     5.8649955    -0.0719690
     5.8799953    -0.0639201
     5.8949952    -0.0558851
     5.9099951    -0.0478737
     5.9249949    -0.0398935
     5.9399948    -0.0319502
     5.9549947    -0.0240482
     5.9699945    -0.0161915
     5.9849944    -0.0083835
     5.9999943    -0.0006265
     6.0149941     0.0070777
     6.0299940     0.0147270
     6.0449939     0.0223179
     6.0599937     0.0298460
     6.0749936     0.0373071
     6.0899935     0.0446969
     6.1049933     0.0520117
     6.1199932     0.0592470
     6.1349931     0.0663976
     6.1499929     0.0734582
     6.1649928     0.0804228
     6.1799927     0.0872861
     6.1949925     0.0940434
     6.2099924     0.1006912
     6.2249923     0.1072262
     6.2399921     0.1136451
     6.2549920     0.1199439
     6.2699919     0.1261169
     6.2849917     0.1321565
     6.2999916     0.1380530
     6.3149915     0.1437967
     6.3299913     0.1493792
     6.3449912     0.1547936
     6.3599911     0.1600348
     6.3749909     0.1650996
     6.3899908     0.1699872
     6.4049907     0.1746986
     6.4199905     0.1792347
     6.4349904     0.1835949
     6.4499903     0.1877764
     6.4649901     0.1917760
     6.4799900     0.1955910
     6.4949899     0.1992203
     6.5099897     0.2026640
     6.5249896     0.2059221
     6.5399895     0.2089958
     6.5549893     0.2118875
     6.5699892     0.2146014
     6.5849891     0.2171421
     6.5999889     0.2195132
     6.6149888     0.2217166
     6.6299887     0.2237531
     6.6449885     0.2256224
     6.6599884     0.2273243
     6.6749883     0.2288587
     6.6899881     0.2302257
     6.7049880     0.2314251
     6.7199879     0.2324559
     6.7349877     0.2333161
     6.7499876     0.2340030
     6.7649875     0.2345135
     6.7799873     0.2348435
     6.7949872     0.2349890
     6.8099871     0.2349466
     6.8249869     0.2347151
     6.8399868     0.2342947
     6.8549867     0.2336863
     6.8699865     0.2328892
     6.8849864     0.2319021
     6.8999863     0.2307246
     6.9149861     0.2293591
     6.9299860     0.2278116
     6.9449859     0.2260904
     6.9599857     0.2242050
     6.9749856     0.2221652
     6.9899855     0.2199798
     7.0049853     0.2176566
     7.0199852     0.2152026
     7.0349851     0.2126232
     7.0499849     0.2099227
     7.0649848     0.2071040
     7.0799847     0.2041688
     7.0949845     0.2011177
     7.1099844     0.1979495
     7.1249843     0.1946613
     7.1399841     0.1912491
     7.1549840     0.1877096
     7.1699839     0.1840411
     7.1849837     0.1802446
     7.1999836     0.1763230
     7.2149835     0.1722808
     7.2299833     0.1681237
     7.2449832     0.1638578
     7.2599831     0.1594901
     7.2749829     0.1550281
     7.2899828     0.1504787
     7.3049827     0.1458473
     7.3199825     0.1411382
     7.3349824     0.1363548
     7.3499823     0.1315013
     7.3649821     0.1265833
     7.3799820     0.1216064
     7.3949819     0.1165757
     7.4099817     0.1114939
     7.4249816     0.1063629
     7.4399815     0.1011857
     7.4549813     0.0959678
     7.4699812     0.0907165
     7.4849811     0.0854381
     7.4999809     0.0801359
     7.5149808     0.0748108
     7.5299807     0.0694622
     7.5449805     0.0640906
     7.5599804     0.0586981
     7.5749803     0.0532892
     7.5899801     0.0478695
     7.6049800     0.0424447
     7.6199799     0.0370202
     7.6349797     0.0316000
     7.6499796     0.0261882
     7.6649795     0.0207894
     7.6799793     0.0154089
     7.6949792     0.0100520
     7.7099791     0.0047225
     7.7249789    -0.0005774
     7.7399788    -0.0058474
     7.7549787    -0.0110873
     7.7699785    -0.0162949
     7.7849784    -0.0214649
     7.7999783    -0.0265895
     7.8149781    -0.0316596
     7.8299780    -0.0366668
     7.8449779    -0.0416050
     7.8599777    -0.0464718
     7.8749776    -0.0512686
     7.8899775    -0.0559991
     7.9049773    -0.0606671
     7.9199772    -0.0652749
     7.9349771    -0.0698224
     7.9499769    -0.0743079
     7.9649768    -0.0787294
     7.9799767    -0.0830852
     7.9949765    -0.0873728
     8.0099764    -0.0915870
     8.0249767    -0.0957192
     8.0399771    -0.0997593
     8.0549774    -0.1036986
     8.0699778    -0.1075322
     8.0849781    -0.1112578
     8.0999784    -0.1148741
     8.1149788    -0.1183796
     8.1299791    -0.1217730
     8.1449795    -0.1250540
     8.1599798    -0.1282235
     8.1749802    -0.1312831
     8.1899805    -0.1342343
     8.2049809    -0.1370780
     8.2199812    -0.1398138
     8.2349815    -0.1424392
     8.2499819    -0.1449494
     8.2649822    -0.1473380
     8.2799826    -0.1495979
     8.2949829    -0.1517239
     8.3099833    -0.1537130
     8.3249836    -0.1555644
     8.3399839    -0.1572778
     8.3549843    -0.1588518
     8.3699846    -0.1602825
     8.3849850    -0.1615633
     8.3999853    -0.1626873
     8.4149857    -0.1636491
     8.4299860    -0.1644466
     8.4449863    -0.1650815
     8.4599867    -0.1655587
     8.4749870    -0.1658863
     8.4899874    -0.1660730
     8.5049877    -0.1661270
     8.5199881    -0.1660538
     8.5349884    -0.1658564
     8.5499887    -0.1655364
     8.5649891    -0.1650949
     8.5799894    -0.1645335
     8.5949898    -0.1638547
     8.6099901    -0.1630619
     8.6249905    -0.1621597
     8.6399908    -0.1611529
     8.6549911    -0.1600454
     8.6699915    -0.1588386
     8.6849918    -0.1575323
     8.6999922    -0.1561258
     8.7149925    -0.1546194
     8.7299929    -0.1530148
     8.7449932    -0.1513147
     8.7599936    -0.1495218
     8.7749939    -0.1476371
     8.7899942    -0.1456608
     8.8049946    -0.1435926
     8.8199949    -0.1414332
     8.8349953    -0.1391835
     8.8499956    -0.1368451
     8.8649960    -0.1344198
     8.8799963    -0.1319093
     8.8949966    -0.1293154
     8.9099970    -0.1266390
     8.9249973    -0.1238803
     8.9399977    -0.1210392
     8.9549980    -0.1181160
     8.9699984    -0.1151109
     8.9849987    -0.1120244
     8.9999990    -0.1088584
     9.0149994    -0.1056180
     9.0299997    -0.1023113
     9.0450001    -0.0989472
     9.0600004    -0.0955333
     9.0750008    -0.0920749
     9.0900011    -0.0885759
     9.1050014    -0.0850397
     9.1200018    -0.0814712
     9.1350021    -0.0778765
     9.1500025    -0.0742626
     9.1650028    -0.0706351
     9.1800032    -0.0669964
     9.1950035    -0.0633452
     9.2100039    -0.0596779
     9.2250042    -0.0559902
     9.2400045    -0.0522783
     9.2550049    -0.0485387
     9.2700052    -0.0447686
     9.2850056    -0.0409670
     9.3000059    -0.0371351
     9.3150063    -0.0332760
     9.3300066    -0.0293941
     9.3450069    -0.0254948
     9.3600073    -0.0215838
     9.3750076    -0.0176664
     9.3900080    -0.0137465
     9.4050083    -0.0098276
     9.4200087    -0.0059130
     9.4350090    -0.0020062
     9.4500093     0.0018899
     9.4650097     0.0057729
     9.4800100     0.0096389
     9.4950104     0.0134820
     9.5100107     0.0172957
     9.5250111     0.0210754
     9.5400114     0.0248177
     9.5550117     0.0285185
     9.5700121     0.0321711
     9.5850124     0.0357666
     9.6000128     0.0392958
     9.6150131     0.0427515
     9.6300135     0.0461286
     9.6450138     0.0494239
     9.6600142     0.0526357
     9.6750145     0.0557636
     9.6900148     0.0588077
     9.7050152     0.0617683
     9.7200155     0.0646450
     9.7350159     0.0674379
     9.7500162     0.0701472
     9.7650166     0.0727723
     9.7800169     0.0753117
     9.7950172     0.0777633
     9.8100176     0.0801253
     9.8250179     0.0823958
     9.8400183     0.0845730
     9.8550186     0.0866571
     9.8700190     0.0886505
     9.8850193     0.0905590
     9.9000196     0.0923882
     9.9150200     0.0941415
     9.9300203     0.0958176
     9.9450207     0.0974123
     9.9600210     0.0989199
     9.9750214     0.1003364
     9.9900217     0.1016597
    10.0050220     0.1028899
    10.0200224     0.1040293
    10.0350227     0.1050829
    10.0500231     0.1060577
    10.0650234     0.1069614
    10.0800238     0.1078007
    10.0950241     0.1085786
    10.1100245     0.1092947
    10.1250248     0.1099459
    10.1400251     0.1105291
    10.1550255     0.1110425
    10.1700258     0.1114846
    10.1850262     0.1118539
    10.2000265     0.1121485
    10.2150269     0.1123673
    10.2300272     0.1125097
    10.2450275     0.1125749
    10.2600279     0.1125602
    10.2750282     0.1124611
    10.2900286     0.1122724
    10.3050289     0.1119894
    10.3200293     0.1116093
    10.3350296     0.1111317
    10.3500299     0.1105575
    10.3650303     0.1098880
    10.3800306     0.1091240
    10.3950310     0.1082657
    10.4100313     0.1073133
    10.4250317     0.1062675
    10.4400320     0.1051300
    10.4550323     0.1039040
    10.4700327     0.1025953
    10.4850330     0.1012113
    10.5000334     0.0997583
    10.5150337     0.0982399
    10.5300341     0.0966563
    10.5450344     0.0950067
    10.5600348     0.0932898
    10.5750351     0.0915056
    10.5900354     0.0896553
    10.6050358     0.0877413
    10.6200361     0.0857676
    10.6350365     0.0837385
    10.6500368     0.0816594
    10.6650372     0.0795367
    10.6800375     0.0773773
    10.6950378     0.0751888
    10.7100382     0.0729780
    10.7250385     0.0707510
    10.7400389     0.0685125
    10.7550392     0.0662640
    10.7700396     0.0640032
    10.7850399     0.0617238
    10.8000402     0.0594184
    10.8150406     0.0570820
    10.8300409     0.0547143
    10.8450413     0.0523188
    10.8600416     0.0499017
    10.8750420     0.0474692
    10.8900423     0.0450265
    10.9050426     0.0425773
    10.9200430     0.0401229
    10.9350433     0.0376619
    10.9500437     0.0351912
    10.9650440     0.0327071
    10.9800444     0.0302077
    10.9950447     0.0276938
    11.0100451     0.0251684
    11.0250454     0.0226354
    11.0400457     0.0200984
    11.0550461     0.0175613
    11.0700464     0.0150276
    11.0850468     0.0125006
    11.1000471     0.0099825
    11.1150475     0.0074740
    11.1300478     0.0049748
    11.1450481     0.0024848
    11.1600485     0.0000058
    11.1750488    -0.0024589
    11.1900492    -0.0049047
    11.2050495    -0.0073282
    11.2200499    -0.0097284
    11.2350502    -0.0121053
    11.2500505    -0.0144597
    11.2650509    -0.0167919
    11.2800512    -0.0191031
    11.2950516    -0.0213953
    11.3100519    -0.0236702
    11.3250523    -0.0259280
    11.3400526    -0.0281668
    11.3550529    -0.0303835
    11.3700533    -0.0325747
    11.3850536    -0.0347366
    11.4000540    -0.0368642
    11.4150543    -0.0389524
    11.4300547    -0.0409970
    11.4450550    -0.0429968
    11.4600554    -0.0449525
    11.4750557    -0.0468648
    11.4900560    -0.0487330
    11.5050564    -0.0505547
    11.5200567    -0.0523273
    11.5350571    -0.0540490
    11.5500574    -0.0557182
    11.5650578    -0.0573322
    11.5800581    -0.0588874
    11.5950584    -0.0603807
    11.6100588    -0.0618105
    11.6250591    -0.0631781
    11.6400595    -0.0644862
    11.6550598    -0.0657388
    11.6700602    -0.0669410
    11.6850605    -0.0680977
    11.7000608    -0.0692130
    11.7150612    -0.0702885
    11.7300615    -0.0713231
    11.7450619    -0.0723128
    11.7600622    -0.0732525
    11.7750626    -0.0741376
    11.7900629    -0.0749640
    11.8050632    -0.0757274
    11.8200636    -0.0764220
    11.8350639    -0.0770419
    11.8500643    -0.0775826
    11.8650646    -0.0780429
    11.8800650    -0.0784248
    11.8950653    -0.0787328
    11.9100657    -0.0789714
    11.9250660    -0.0791454
    11.9400663    -0.0792582
    11.9550667    -0.0793116
    11.9700670    -0.0793063
    11.9850674    -0.0792430
    12.0000677    -0.0791231
    12.0150681    -0.0789486
    12.0300684    -0.0787209
    12.0450687    -0.0784399
    12.0600691    -0.0781048
    12.0750694    -0.0777146
    12.0900698    -0.0772686
    12.1050701    -0.0767669
    12.1200705    -0.0762095
    12.1350708    -0.0755962
    12.1500711    -0.0749262
    12.1650715    -0.0741987
    12.1800718    -0.0734135
    12.1950722    -0.0725714
    12.2100725    -0.0716740
    12.2250729    -0.0707240
    12.2400732    -0.0697242
    12.2550735    -0.0686766
    12.2700739    -0.0675808
    12.2850742    -0.0664349
    12.3000746    -0.0652364
    12.3150749    -0.0639835
    12.3300753    -0.0626748
    12.3450756    -0.0613104
    12.3600760    -0.0598919
    12.3750763    -0.0584234
    12.3900766    -0.0569112
    12.4050770    -0.0553620
    12.4200773    -0.0537818
    12.4350777    -0.0521754
    12.4500780    -0.0505470
    12.4650784    -0.0489027
    12.4800787    -0.0472513
    12.4950790    -0.0456030
    12.5100794    -0.0439676
    12.5250797    -0.0423520
    12.5400801    -0.0407611
    12.5550804    -0.0391975
    12.5700808    -0.0376614
    12.5850811    -0.0361498
    12.6000814    -0.0346555
    12.6150818    -0.0331675
    12.6300821    -0.0316736
    12.6450825    -0.0301637
    12.6600828    -0.0286319
    12.6750832    -0.0270776
    12.6900835    -0.0255030
    12.7050838    -0.0239104
    12.7200842    -0.0223002
    12.7350845    -0.0206714
    12.7500849    -0.0190229
    12.7650852    -0.0173548
    12.7800856    -0.0156685
    12.7950859    -0.0139661
    12.8100863    -0.0122495
    12.8250866    -0.0105212
    12.8400869    -0.0087843
    12.8550873    -0.0070413
    12.8700876    -0.0052928
    12.8850880    -0.0035373
    12.9000883    -0.0017732
    12.9150887    -0.0000017
    12.9300890     0.0017724
    12.9450893     0.0035426
    12.9600897     0.0053031
    12.9750900     0.0070502
    12.9900904     0.0087815
    13.0050907     0.0104952
    13.0200911     0.0121900
    13.0350914     0.0138663
    13.0500917     0.0155261
    13.0650921     0.0171721
    13.0800924     0.0188059
    13.0950928     0.0204275
    13.1100931     0.0220358
    13.1250935     0.0236296
    13.1400938     0.0252079
    13.1550941     0.0267698
    13.1700945     0.0283138
    13.1850948     0.0298372
    13.2000952     0.0313363
    13.2150955     0.0328059
    13.2300959     0.0342407
    13.2450962     0.0356358
    13.2600965     0.0369877
    13.2750969     0.0382948
    13.2900972     0.0395568
    13.3050976     0.0407744
    13.3200979     0.0419481
    13.3350983     0.0430777
    13.3500986     0.0441613
    13.3650990     0.0451965
    13.3800993     0.0461816
    13.3950996     0.0471171
    13.4101000     0.0480050
    13.4251003     0.0488481
    13.4401007     0.0496484
    13.4551010     0.0504058
    13.4701014     0.0511181
    13.4851017     0.0517804
    13.5001020     0.0523869
    13.5151024     0.0529327
    13.5301027     0.0534155
    13.5451031     0.0538357
    13.5601034     0.0541966
    13.5751038     0.0545029
    13.5901041     0.0547603
    13.6051044     0.0549742
    13.6201048     0.0551490
    13.6351051     0.0552875
    13.6501055     0.0553907
    13.6651058     0.0554586
    13.6801062     0.0554909
    13.6951065     0.0554886
    13.7101068     0.0554547
    13.7251072     0.0553929
    13.7401075     0.0553063
    13.7551079     0.0551962
    13.7701082     0.0550624
    13.7851086     0.0549039
    13.8001089     0.0547200
    13.8151093     0.0545102
    13.8301096     0.0542748
    13.8451099     0.0540139
    13.8601103     0.0537262
    13.8751106     0.0534083
    13.8901110     0.0530559
    13.9051113     0.0526646
    13.9201117     0.0522313
    13.9351120     0.0517533
    13.9501123     0.0512281
    13.9651127     0.0506534
    13.9801130     0.0500288
    13.9951134     0.0493552
    14.0101137     0.0486343
    14.0251141     0.0478665
    14.0401144     0.0470515
    14.0551147     0.0461888
    14.0701151     0.0452801
    14.0851154     0.0443296
    14.1001158     0.0433445
    14.1151161     0.0423339
    14.1301165     0.0413071
    14.1451168     0.0402720
    14.1601171     0.0392337
    14.1751175     0.0381941
    14.1901178     0.0371529
    14.2051182     0.0361093
    14.2201185     0.0350623
    14.2351189     0.0340118
    14.2501192     0.0329578
    14.2651196     0.0319005
    14.2801199     0.0308393
    14.2951202     0.0297710
    14.3101206     0.0286903
    14.3251209     0.0275906
    14.3401213     0.0264654
    14.3551216     0.0253093
    14.3701220     0.0241187
    14.3851223     0.0228931
    14.4001226     0.0216347
    14.4151230     0.0203478
    14.4301233     0.0190374
    14.4451237     0.0177078
    14.4601240     0.0163621
    14.4751244     0.0150031
    14.4901247     0.0136332
    14.5051250     0.0122555
    14.5201254     0.0108730
    14.5351257     0.0094885
    14.5501261     0.0081039
    14.5651264     0.0067214
    14.5801268     0.0053429
    14.5951271     0.0039704
    14.6101274     0.0026043
    14.6251278     0.0012433
    14.6401281    -0.0001146
    14.6551285    -0.0014698
    14.6701288    -0.0028197
    14.6851292    -0.0041580
    14.7001295    -0.0054771
    14.7151299    -0.0067707
    14.7301302    -0.0080357
    14.7451305    -0.0092721
    14.7601309    -0.0104810
    14.7751312    -0.0116641
    14.7901316    -0.0128230
    14.8051319    -0.0139582
    14.8201323    -0.0150678
    14.8351326    -0.0161484
    14.8501329    -0.0171973
    14.8651333    -0.0182145
    14.8801336    -0.0192025
    14.8951340    -0.0201649
    14.9101343    -0.0211033
    14.9251347    -0.0220174
    14.9401350    -0.0229052
    14.9551353    -0.0237644
    14.9701357    -0.0245934
    14.9851360    -0.0253915
    15.0001364    -0.0261575
